21 22 21 21 23 21 22 22 22 21 21 21 22 23 21 22 23 22 23 23 22 22 21 22 22 22 22 23 21 22 23 22 21 23 23 21 23 22 23 22 23 21 23 21 23 23 21 21 22 21 23 22 23 21 23 21 23 21 22 21 23 22 23 21 23 23 21 23 21 23 22 21 23 21 22 21 21 22 21 22 23 21 23 23 21 22 21 21 23 22 22 22 22 22 23 21 22 21 23 22 
21 21 21 21 22 22 22 22 21 22 21 23 23 23 22 23 23 23 21 22 22 23 22 23 22 21 21 23 21 21 23 23 21 23 23 21 22 21 22 22 23 22 22 22 23 22 22 22 22 21 21 21 21 22 22 23 21 22 22 21 22 22 23 21 21 23 21 22 21 23 21 21 23 21 23 22 22 22 21 23 22 21 21 22 23 22 22 23 21 22 21 22 23 22 23 22 22 23 21 21 
21 22 21 23 22 22 21 21 23 21 21 22 22 21 21 21 23 23 21 23 22 23 22 21 22 22 22 21 22 23 21 22 22 23 22 21 21 22 21 21 23 21 22 22 22 23 23 21 23 22 21 21 21 21 23 23 23 21 23 22 21 21 22 23 21 23 23 21 22 23 21 22 21 23 23 21 22 23 21 23 22 23 23 22 21 22 21 23 21 23 21 22 21 22 22 21 22 21 21 21 
22 22 22 23 22 23 23 22 22 22 21 21 22 21 22 22 21 23 21 22 23 22 23 21 22 22 21 23 21 23 21 22 22 22 22 21 21 22 22 23 23 23 23 22 23 22 23 21 21 21 22 22 22 23 22 23 21 23 23 21 23 23 22 23 23 21 23 23 23 22 21 23 22 23 21 22 23 23 23 21 21 22 22 23 21 23 21 22 21 23 22 21 21 22 23 23 23 23 23 23 
22 23 22 23 21 23 23 23 23 22 23 23 23 22 22 22 22 22 23 22 23 22 21 23 21 23 23 21 21 22 23 22 22 22 23 22 21 22 21 23 21 21 23 21 22 22 22 22 21 21 21 23 21 85 33 33 33 33 33 33 33 33 33 33 33 131 21 23 22 21 22 23 21 21 23 23 23 22 22 21 23 21 22 21 21 23 23 22 22 22 21 23 21 23 23 23 23 22 21 21 
22 22 21 23 23 21 23 22 23 23 23 22 23 22 23 22 22 23 21 21 22 21 21 22 23 21 23 23 22 23 22 21 22 22 21 23 22 21 21 22 23 22 22 23 21 21 21 22 23 80 81 82 83 84 14 13 16 16 16 14 12 11 11 12 15 132 133 23 23 23 23 22 23 22 22 21 23 23 21 21 21 21 22 22 22 21 22 23 21 22 22 23 23 21 21 23 23 23 21 23 
23 21 22 23 22 23 21 22 23 21 21 21 22 23 23 21 23 22 21 21 22 23 22 21 21 22 21 21 22 22 23 21 22 21 21 21 21 22 23 21 23 21 22 23 23 22 23 75 78 79 13 14 11 14 12 16 12 13 11 11 12 14 13 16 14 11 143 142 22 22 21 21 23 21 21 21 21 22 23 23 21 23 23 21 23 21 23 23 22 22 23 23 23 21 23 21 22 21 21 21 
22 21 21 23 22 22 21 23 21 23 23 21 22 23 22 22 23 21 21 22 23 21 21 21 22 21 21 21 22 21 22 23 21 23 23 23 22 23 23 22 23 23 23 22 22 22 75 77 13 15 16 11 13 12 15 13 12 11 14 13 12 12 16 11 16 15 11 143 142 22 22 23 21 22 22 21 22 21 22 23 21 23 22 22 23 21 21 21 23 21 21 22 23 21 23 21 23 21 23 22 
22 21 21 21 23 21 21 21 22 21 23 22 21 22 23 21 23 23 21 23 22 22 22 22 22 22 21 22 23 23 21 23 21 22 23 21 22 21 22 21 22 22 23 21 21 75 76 15 11 11 16 15 11 15 14 13 11 13 11 15 15 15 11 15 14 13 12 13 143 141 21 21 22 22 21 21 21 21 22 23 22 22 22 21 23 21 21 23 23 21 21 21 23 22 23 21 22 22 22 22 
22 23 21 21 21 21 22 22 21 23 21 23 22 21 23 22 21 23 22 23 22 23 22 21 22 21 22 21 23 22 23 22 22 23 22 23 23 23 21 21 23 21 23 23 21 74 13 11 16 16 13 12 14 16 14 12 14 14 16 15 16 14 15 14 15 15 11 14 13 143 142 21 23 21 23 21 21 23 23 22 23 23 22 23 21 21 23 22 23 21 22 22 21 23 23 23 22 23 23 22 
22 23 21 21 21 23 22 21 23 22 23 21 21 21 23 23 23 22 21 22 23 23 23 21 23 21 23 21 23 23 23 22 23 21 22 21 21 22 22 22 23 22 22 21 72 73 13 14 16 13 13 15 14 16 107 108 109 110 31 31 31 111 112 123 14 14 13 14 12 16 143 141 22 23 23 23 22 23 23 23 22 21 22 21 23 23 22 21 23 23 22 22 22 21 23 21 22 22 21 23 
23 21 22 22 23 21 22 23 22 21 22 21 21 23 21 21 21 23 23 21 22 21 23 21 22 23 23 23 21 23 23 21 22 22 23 21 22 21 23 21 22 23 21 23 71 15 14 11 16 16 13 11 104 105 106 22 21 21 23 23 23 22 22 122 123 12 15 12 16 14 11 143 141 23 22 22 21 21 21 21 21 21 23 22 23 22 22 21 22 22 21 21 22 21 23 23 22 21 22 23 
22 22 21 23 23 22 21 23 23 22 21 21 22 23 22 22 23 23 23 21 22 21 22 23 21 21 23 23 21 22 22 22 21 22 22 23 22 23 23 22 22 21 22 69 70 11 14 16 16 16 13 102 103 23 21 22 21 22 21 22 22 21 22 21 121 123 16 13 14 16 15 14 143 142 22 21 22 23 22 21 21 22 21 23 23 23 23 23 21 23 23 22 22 21 22 23 22 22 21 22 
23 23 23 23 21 22 21 23 21 22 23 21 22 23 23 21 23 23 23 23 23 23 22 22 21 21 22 23 23 22 21 22 22 21 23 23 22 23 22 23 23 21 21 68 14 16 15 15 12 14 14 101 22 21 21 21 22 22 23 21 22 22 23 21 22 121 123 11 14 12 11 11 16 143 141 23 22 22 21 21 23 22 21 23 21 23 21 22 22 23 21 21 21 22 23 21 22 21 22 21 
21 23 22 23 21 22 23 22 23 21 23 23 23 23 23 23 21 21 21 22 21 22 23 21 21 22 21 23 21 23 23 22 23 21 21 23 21 21 21 21 22 23 66 67 11 11 14 11 14 15 99 100 21 22 21 21 21 23 22 22 22 23 21 22 23 21 122 123 15 15 12 12 16 15 143 141 21 23 23 21 21 23 21 22 21 22 23 22 23 21 21 22 22 21 22 21 23 22 22 21 
21 21 23 22 21 21 21 21 22 21 21 23 21 22 21 22 23 21 21 23 23 22 23 22 22 21 22 23 23 21 23 23 22 22 21 22 21 22 22 22 22 23 65 15 16 15 15 12 12 16 98 23 22 23 21 21 22 21 22 21 23 21 22 22 21 23 22 122 123 12 12 13 13 13 12 143 142 21 23 22 23 22 23 23 21 22 23 22 22 22 23 21 22 22 22 21 22 22 23 23 
23 21 22 23 21 22 22 21 23 21 22 22 23 22 22 23 23 21 21 23 23 22 21 22 21 21 23 22 22 23 22 23 21 21 22 23 22 21 23 21 22 23 64 16 11 14 12 14 14 96 97 23 23 21 23 21 23 22 21 23 21 21 22 21 23 21 23 21 121 123 12 13 15 11 11 15 143 141 23 23 21 22 22 23 23 21 21 22 22 23 21 23 23 22 23 22 21 21 23 23 
22 21 21 21 23 22 22 22 23 23 22 23 22 23 23 21 21 22 23 22 21 23 22 21 23 22 22 23 23 22 23 21 23 23 23 23 21 22 21 23 21 23 63 14 16 16 11 16 16 95 22 23 23 21 23 21 21 23 23 23 23 23 21 22 23 21 21 23 23 121 123 12 14 13 15 11 14 143 142 23 22 23 23 21 23 23 21 23 23 22 23 21 21 22 23 23 21 23 23 22 
23 21 21 21 21 22 23 21 22 23 21 21 22 22 22 22 21 23 21 22 22 23 22 23 22 22 23 23 21 21 21 23 21 22 21 21 21 22 23 22 21 23 62 11 16 11 13 14 13 94 22 22 21 23 22 23 21 21 21 23 23 21 21 23 22 21 22 22 23 23 122 123 15 15 15 15 15 14 143 142 22 22 23 23 21 21 21 23 23 21 23 21 21 23 21 23 23 23 23 23 
23 23 22 23 21 21 22 21 23 23 21 21 23 21 21 21 21 22 23 21 23 23 21 21 23 22 23 22 22 23 22 21 23 21 21 21 22 22 22 22 23 22 61 16 12 13 14 15 16 93 22 22 21 21 21 22 23 21 21 22 22 22 21 22 23 21 23 21 22 21 23 121 123 13 13 15 11 14 11 143 142 23 21 21 21 22 21 22 23 23 22 23 23 22 23 21 23 23 22 23 
21 23 23 22 23 21 21 22 21 22 22 21 22 23 21 23 21 23 22 21 23 22 21 22 21 21 23 21 23 21 23 21 22 23 23 22 23 23 21 21 21 171 172 13 15 11 14 16 14 92 21 23 22 22 21 21 23 23 21 23 22 21 23 21 23 21 23 23 23 21 23 23 122 123 11 14 13 13 14 16 143 142 21 23 23 21 22 21 21 21 23 22 21 23 22 21 23 23 21 23 
22 22 21 21 21 23 21 22 23 23 23 22 23 21 22 23 21 21 23 22 22 22 21 23 21 22 21 21 21 21 21 23 23 22 22 23 22 22 22 21 23 35 15 16 16 15 14 15 13 91 22 22 22 21 21 22 21 23 21 21 21 23 22 22 23 22 23 21 22 22 23 23 22 121 123 12 11 16 11 12 14 143 141 21 23 23 22 23 22 22 22 22 22 23 22 21 22 22 22 21 
22 21 22 22 21 21 22 23 22 21 21 23 22 22 21 21 21 23 22 22 21 21 21 23 21 21 21 22 23 23 23 21 23 22 21 22 22 23 21 21 21 35 15 15 15 16 15 14 11 37 23 23 23 23 23 21 21 21 21 22 22 23 21 22 22 22 23 23 23 23 22 21 23 22 122 123 15 12 15 12 13 15 143 141 22 22 21 21 22 21 22 23 23 21 23 21 23 21 22 23 
21 22 23 23 22 21 22 21 22 21 22 23 23 21 23 22 22 21 21 21 22 22 23 22 23 21 23 23 22 21 23 23 23 22 22 22 22 23 22 22 22 35 14 11 12 15 12 14 11 37 22 21 21 21 23 22 22 21 22 21 23 23 22 23 22 21 23 21 23 22 22 21 23 23 22 122 123 14 16 15 15 14 14 143 142 22 21 23 23 21 23 22 21 23 21 21 23 21 22 22 
21 22 23 22 23 21 22 22 21 23 22 23 21 23 21 21 21 22 21 21 22 21 22 21 23 23 22 22 21 23 21 22 22 22 21 22 22 21 21 23 23 35 15 16 11 15 16 12 13 37 22 22 23 21 22 22 22 22 22 21 21 23 23 22 22 23 21 23 21 22 21 21 21 21 23 23 122 123 12 13 14 14 14 15 143 161 22 22 22 23 21 21 22 21 21 22 22 23 23 21 
23 23 22 22 23 23 22 23 22 22 22 21 22 22 23 23 21 21 22 22 21 23 22 23 21 21 22 22 21 21 23 22 22 21 23 21 23 23 22 23 21 35 13 16 13 15 15 16 15 37 23 21 22 21 21 21 23 23 21 21 22 23 22 22 21 23 22 23 22 23 22 23 22 21 23 22 21 122 123 12 16 16 11 13 14 162 21 22 22 21 21 23 21 22 22 21 21 23 23 21 
21 21 23 23 23 22 21 22 23 21 23 21 23 23 23 21 23 23 22 22 21 23 22 22 22 21 22 23 22 22 23 22 23 23 22 23 21 23 22 21 23 35 16 16 13 15 12 13 15 37 21 22 21 22 22 23 21 23 21 22 22 22 21 22 21 21 21 23 21 21 23 23 23 22 22 22 22 21 122 123 15 16 11 14 11 163 23 22 21 21 22 21 23 21 21 21 21 22 22 21 
22 22 23 21 22 22 21 21 23 22 21 23 21 21 23 22 22 22 21 22 22 23 21 22 21 21 23 21 23 22 23 22 21 22 22 22 21 23 23 21 22 35 15 13 16 15 15 14 14 37 22 22 23 21 21 23 23 23 21 22 23 21 23 22 23 23 21 22 23 21 22 22 21 21 23 21 21 22 23 151 11 13 15 11 16 164 165 22 21 23 22 21 21 21 21 22 21 23 21 21 
22 23 23 23 21 23 22 22 22 22 22 21 21 23 21 22 23 21 22 22 21 23 22 21 23 23 21 21 23 21 23 21 21 23 23 22 22 21 23 22 23 35 11 15 11 11 13 11 14 37 21 22 22 21 22 22 22 22 21 22 23 23 21 23 21 21 22 22 23 22 22 23 23 22 22 21 21 22 21 152 15 13 11 14 15 12 37 22 23 21 23 23 22 23 21 22 22 21 21 22 
22 21 23 22 23 22 21 21 23 22 23 22 23 23 23 21 22 22 23 22 22 23 21 21 23 22 21 23 21 21 21 23 21 21 22 23 22 23 22 22 22 35 14 14 16 16 11 13 12 37 22 23 23 21 23 22 22 22 23 22 22 21 23 22 21 23 22 22 21 21 22 22 21 21 23 21 21 21 21 153 16 15 13 15 15 11 37 22 21 23 22 23 21 23 21 21 23 22 21 21 
23 22 23 23 21 23 21 21 21 21 22 23 23 23 22 23 22 23 21 22 23 23 23 23 23 23 21 22 21 22 23 21 21 22 23 22 22 23 22 23 21 47 13 15 11 13 14 14 16 37 21 22 21 23 22 23 21 21 23 22 23 21 23 22 23 22 21 23 23 23 21 21 22 21 21 21 22 21 23 35 15 13 16 11 11 11 37 23 21 22 23 22 23 23 23 21 21 22 22 22 
22 21 22 22 22 21 22 22 23 21 23 22 23 23 22 23 21 22 22 22 23 22 23 21 21 21 21 23 22 22 21 21 22 23 22 23 22 22 22 21 23 46 11 15 15 13 14 16 13 37 21 22 23 21 21 22 21 22 22 21 22 22 22 23 22 23 23 22 22 21 23 21 21 22 22 23 23 21 21 35 13 12 12 15 14 12 37 22 23 23 21 23 23 23 22 22 23 23 22 22 
21 22 21 21 22 22 23 23 22 21 22 23 23 21 21 21 22 23 22 22 22 21 21 22 23 23 21 23 21 22 22 21 23 22 23 22 21 22 22 23 44 45 12 13 16 12 11 13 15 37 22 23 22 21 22 23 22 23 22 22 21 22 22 22 23 23 22 22 23 21 23 22 22 22 21 23 21 22 23 35 11 12 12 13 11 15 37 21 23 21 21 22 22 21 23 21 23 23 21 22 
21 23 22 23 22 21 21 23 23 22 22 23 196 33 33 33 33 33 33 33 33 33 33 33 33 33 33 33 33 33 33 33 33 33 33 33 33 33 41 42 43 15 11 14 12 11 16 13 14 37 23 21 22 23 22 22 23 22 22 21 21 22 21 22 23 23 23 21 22 22 23 22 21 21 22 22 23 21 21 35 14 11 15 11 13 14 37 23 21 23 23 22 21 23 22 22 22 22 21 22 
22 21 21 22 22 23 23 21 191 192 193 194 195 14 16 14 13 13 15 11 11 15 14 15 13 11 14 13 11 16 11 15 15 15 11 16 11 11 12 13 13 14 16 13 15 15 11 11 16 37 23 22 21 21 22 22 21 23 22 23 21 23 23 21 21 22 21 22 23 22 23 23 21 23 22 21 21 21 22 35 16 14 14 14 12 12 37 23 21 21 23 21 23 23 23 23 21 23 22 21 
21 22 23 23 21 23 189 190 188 13 16 12 12 15 13 11 12 15 12 11 14 15 12 14 14 15 11 12 14 14 12 11 13 14 13 12 16 13 13 14 16 13 13 11 15 15 15 16 13 37 23 21 22 22 23 22 23 21 23 22 22 23 22 23 23 22 22 22 22 22 21 23 22 21 22 23 22 22 22 35 13 15 14 13 13 16 37 22 22 21 23 22 22 22 22 23 21 22 22 23 
23 21 22 21 21 187 188 11 15 13 13 11 11 11 13 15 12 15 16 16 14 12 13 16 13 14 12 15 12 13 16 16 16 13 11 12 11 12 12 15 12 14 13 16 12 16 12 13 59 60 22 21 23 23 22 22 23 22 21 22 23 22 22 21 21 21 23 23 22 23 21 21 22 23 22 22 22 23 21 47 13 16 16 14 16 15 37 22 21 23 21 22 22 22 23 21 22 22 21 21 
21 23 21 22 185 186 14 13 11 12 14 12 11 12 14 14 12 15 13 14 14 12 11 12 13 12 13 11 15 14 12 13 12 15 13 16 13 16 12 13 11 16 12 15 15 15 11 16 58 22 23 22 22 22 22 21 23 22 21 23 21 21 22 21 23 23 21 23 23 22 22 23 22 22 21 22 23 23 22 46 11 14 12 12 16 12 37 23 21 22 21 22 21 22 23 23 23 23 22 21 
22 22 22 183 184 14 14 15 12 14 16 13 14 15 13 12 14 12 11 15 14 12 16 16 13 11 15 16 13 12 13 12 15 11 16 11 13 11 15 12 12 12 14 16 14 14 11 11 57 22 22 23 21 22 23 21 21 21 22 23 23 21 22 23 22 21 22 23 21 21 22 22 22 21 23 21 21 23 44 45 12 12 16 15 15 16 37 23 21 23 23 21 22 21 22 22 23 21 21 21 
23 22 21 182 16 13 14 15 15 13 16 15 13 16 14 12 14 12 11 16 13 11 16 14 12 14 13 11 12 11 15 15 14 13 11 11 13 14 13 11 14 13 14 16 12 11 16 56 55 23 23 21 23 23 22 23 21 21 21 196 33 33 33 33 33 33 33 33 33 33 33 33 33 33 33 33 41 42 43 15 15 16 15 13 14 16 37 23 22 21 22 23 21 21 23 21 21 21 23 21 
23 22 21 181 14 11 11 16 12 15 14 12 11 12 15 15 12 16 13 14 12 11 16 14 11 13 12 12 13 13 11 12 13 11 12 16 11 13 16 16 15 11 15 15 52 53 54 55 22 23 21 21 23 23 22 191 192 193 194 195 14 13 11 15 12 12 14 13 12 16 11 13 12 11 15 16 16 15 15 15 11 15 14 15 14 16 37 23 21 22 21 23 23 23 21 23 21 22 21 21 
21 22 171 172 12 16 16 16 12 13 15 14 11 12 207 208 209 210 211 31 31 31 31 31 31 31 31 31 31 31 31 31 31 31 31 31 31 31 31 31 31 31 31 31 51 21 23 22 23 23 22 23 21 189 190 188 12 16 11 12 13 12 15 12 13 16 16 14 14 15 12 11 15 11 14 13 15 12 14 12 15 16 12 12 12 59 60 22 21 23 22 21 22 21 22 21 23 23 23 21 
21 21 35 12 15 15 16 16 16 11 14 16 12 205 206 23 21 22 21 23 21 22 21 21 21 23 22 23 22 22 22 21 22 22 22 23 21 21 22 21 21 22 21 21 21 23 22 22 22 22 23 22 187 188 12 16 12 12 15 11 11 14 13 14 12 15 13 14 12 14 13 11 15 16 15 13 15 13 13 16 11 14 12 16 13 58 21 21 22 23 23 23 21 21 22 22 21 23 23 21 
22 23 35 14 12 12 14 11 13 16 11 15 203 204 22 21 21 21 22 23 22 23 22 22 22 21 23 23 23 22 23 23 21 21 22 21 22 23 21 23 23 23 22 23 21 21 22 22 21 21 22 185 186 12 16 11 16 12 15 13 11 11 15 14 13 13 13 11 16 15 15 13 14 14 16 16 12 14 16 14 15 13 14 11 13 57 23 21 22 21 22 22 23 23 23 21 23 22 21 21 
23 22 35 12 16 13 14 16 12 13 11 15 202 23 23 23 23 21 22 23 22 21 21 22 23 21 21 22 22 21 22 22 23 21 22 22 23 21 23 23 23 22 23 22 21 23 21 23 21 22 183 184 13 16 16 11 14 12 14 13 11 13 14 12 12 11 16 16 16 14 14 15 16 14 15 11 13 15 16 16 16 14 13 12 56 55 23 22 22 22 21 21 21 21 23 22 21 22 23 21 
22 23 35 11 16 12 15 13 16 15 13 15 201 22 23 21 22 22 23 22 21 22 23 21 23 21 22 22 21 23 21 23 21 22 22 22 22 21 21 22 21 22 21 22 21 21 23 22 23 22 182 12 16 14 14 13 13 13 13 12 13 12 13 15 13 15 14 13 11 14 16 13 12 16 11 16 16 12 13 13 14 52 53 54 55 23 21 22 23 22 22 21 21 21 23 23 21 22 22 21 
23 23 35 14 14 14 14 16 13 11 15 13 37 23 21 23 23 21 22 23 23 22 22 22 23 22 23 22 23 23 23 21 21 23 21 21 22 22 22 22 21 23 23 21 21 23 21 23 22 23 181 14 14 11 15 13 11 14 207 208 209 210 211 31 31 31 31 31 31 31 31 31 31 31 31 31 31 31 31 31 31 51 23 22 21 22 21 22 23 22 23 22 21 22 21 22 23 21 22 21 
21 22 35 15 11 11 11 14 15 16 16 15 37 23 22 21 22 22 21 23 21 23 22 23 22 22 22 21 21 22 22 23 22 23 22 21 23 23 21 21 22 21 21 23 21 22 21 23 22 171 172 11 13 12 14 15 13 205 206 23 21 21 21 22 22 22 21 21 21 21 21 23 23 23 21 21 23 23 23 21 21 23 21 22 21 21 22 22 23 21 22 23 21 22 22 21 21 23 22 21 
23 21 35 14 15 16 15 13 13 11 16 12 37 22 23 22 22 21 23 23 23 22 23 22 22 21 21 23 22 21 22 21 21 23 21 22 21 21 21 21 21 22 21 22 21 21 22 22 22 35 14 12 11 16 14 16 203 204 22 22 23 22 22 23 21 22 21 23 23 23 22 21 23 23 21 22 23 21 23 23 22 22 23 23 23 23 22 21 23 21 23 23 22 21 23 23 22 21 22 22 
21 23 35 15 15 15 11 14 12 14 13 16 37 22 21 22 21 21 22 21 21 22 21 23 22 23 21 22 22 23 22 21 23 21 21 22 22 23 22 22 22 22 22 22 21 23 23 23 23 35 12 14 14 14 12 14 202 22 22 22 21 23 22 23 22 22 23 23 23 21 22 22 23 21 21 21 22 22 23 22 22 23 21 22 23 21 23 21 23 22 22 23 22 21 22 21 22 22 23 22 
23 22 35 11 16 12 11 14 15 13 11 13 37 21 23 21 23 21 21 23 21 23 22 23 23 21 21 22 22 23 21 21 22 23 23 22 23 23 21 21 21 23 22 21 22 21 22 21 21 35 16 14 12 11 13 15 201 23 21 23 22 23 22 23 21 22 21 21 23 23 23 21 21 23 22 22 21 23 21 22 21 22 22 22 21 22 22 23 22 22 22 21 22 21 23 23 22 23 23 23 
21 22 35 13 11 12 14 13 15 11 16 15 37 22 21 23 23 22 22 22 21 23 21 22 21 23 23 22 22 21 21 22 23 22 23 21 23 22 21 23 22 22 22 23 21 23 23 21 22 35 14 15 16 11 13 15 37 23 23 22 21 21 23 21 21 21 21 23 21 23 23 21 22 21 23 21 23 23 21 22 23 23 23 23 23 21 22 22 23 21 21 23 23 23 22 23 23 22 23 23 
21 22 35 15 16 12 12 11 11 16 14 13 37 23 22 22 22 21 23 21 23 22 21 23 23 21 23 21 23 23 22 23 23 23 21 22 22 21 21 23 22 21 23 22 23 21 21 22 22 35 16 12 12 16 13 11 37 22 21 21 23 23 21 21 23 21 21 22 21 23 22 21 22 23 21 22 21 21 21 22 22 22 22 23 21 22 23 22 21 23 23 23 23 21 21 23 22 21 21 22 
23 23 35 13 11 15 14 14 11 11 11 13 37 21 23 21 23 23 21 23 23 22 23 22 22 21 23 23 23 22 21 21 21 21 23 21 22 21 21 23 21 22 23 21 22 22 23 23 23 35 13 16 15 14 14 14 37 23 21 21 23 23 22 21 21 23 21 23 23 23 21 21 22 23 21 21 23 23 21 22 22 23 22 23 22 23 23 22 23 21 23 23 23 22 23 21 22 21 23 21 
23 23 35 12 16 16 12 13 13 14 14 11 37 21 23 23 21 21 23 21 21 23 21 23 23 21 21 23 21 23 23 23 22 21 23 23 23 23 22 23 23 23 21 21 21 23 21 22 22 35 14 12 12 14 15 12 37 21 23 23 23 23 23 23 23 22 21 21 22 23 21 23 22 23 23 22 23 22 23 21 21 22 21 23 21 22 22 22 22 22 22 22 22 22 22 22 23 22 22 21 
22 22 35 14 16 12 12 13 14 11 15 15 37 21 21 21 21 21 22 23 23 21 22 21 23 23 21 22 22 21 23 23 22 21 22 23 21 23 21 23 22 22 22 21 23 22 21 23 23 35 11 16 15 15 15 11 37 21 22 21 22 21 21 22 21 23 23 23 23 23 21 21 21 23 23 22 23 22 22 22 22 21 23 23 21 21 21 21 21 23 22 23 21 23 21 22 21 21 22 21 
23 22 35 11 16 11 16 13 12 15 11 14 37 22 22 23 22 22 23 22 23 21 23 22 21 21 23 22 23 23 22 21 23 21 23 21 22 21 21 21 23 23 22 23 22 23 23 23 23 35 13 16 13 16 13 15 37 23 23 22 22 22 22 23 22 22 22 22 22 23 23 23 21 22 23 22 23 22 21 22 22 21 23 21 21 22 23 23 23 23 22 21 21 23 22 23 21 23 22 22 
23 22 35 12 13 13 12 11 16 13 15 23 21 21 22 22 21 23 22 21 23 21 22 22 22 22 23 22 22 23 21 21 22 22 23 22 22 22 22 22 22 21 21 23 21 22 23 22 22 35 11 15 16 13 14 174 173 22 21 23 22 23 22 21 23 23 23 22 23 21 21 22 23 22 21 21 23 23 22 22 23 23 23 21 23 23 21 21 21 21 22 22 22 23 23 21 23 22 23 23 
23 23 35 14 16 12 14 14 11 14 13 22 21 22 22 22 22 23 22 21 23 23 22 23 21 21 22 22 22 22 22 21 22 22 22 22 21 23 22 21 23 21 23 21 23 22 22 23 22 35 11 11 15 14 13 143 142 21 21 21 23 22 22 22 22 21 23 23 23 23 23 22 21 23 23 21 21 23 21 21 22 22 21 23 21 21 22 22 23 23 21 22 21 22 21 23 23 21 23 23 
22 21 35 14 13 16 16 15 11 13 12 21 22 21 22 22 22 23 23 21 22 22 21 22 21 21 22 21 21 23 23 21 22 21 21 22 23 22 21 22 21 23 22 22 23 21 21 21 21 171 172 14 13 12 16 14 143 141 23 21 22 23 22 23 21 22 21 21 23 23 22 21 23 23 21 22 22 21 23 23 22 21 23 22 23 22 23 21 22 23 22 21 21 23 23 21 22 21 22 22 
21 21 35 12 11 16 11 16 16 12 13 22 23 21 21 23 23 22 22 21 21 22 23 22 22 22 21 22 22 22 22 23 23 22 22 21 23 22 21 22 23 21 23 21 21 21 23 21 22 22 122 123 11 16 15 15 15 143 142 23 21 22 22 23 21 22 22 21 23 21 22 23 23 23 23 22 23 21 22 23 23 21 21 21 22 21 23 23 23 23 21 21 22 23 21 23 21 22 23 23 
23 23 23 22 16 11 14 16 14 13 12 11 22 23 21 23 23 21 21 23 21 21 21 23 21 21 22 21 23 23 21 23 23 21 23 22 21 23 22 23 23 23 23 22 22 22 21 22 22 21 21 122 123 15 14 11 15 13 143 142 23 23 21 21 22 23 22 21 22 22 22 23 22 22 23 22 23 22 23 21 23 21 23 22 21 21 23 22 21 22 22 21 21 23 22 21 22 21 22 21 
22 23 23 21 15 12 13 14 11 12 15 14 23 21 23 21 22 22 23 23 21 22 21 22 22 23 22 21 23 22 22 22 22 22 23 21 22 22 22 22 21 21 22 22 21 21 22 21 21 22 21 22 121 123 14 13 16 11 13 143 141 23 21 22 23 23 21 22 23 23 21 22 21 22 22 21 23 21 22 23 22 22 21 22 23 22 21 23 22 21 23 21 22 21 23 21 23 21 23 23 
23 23 22 21 13 13 14 15 11 12 14 12 14 23 22 21 22 22 23 21 23 23 22 21 23 21 22 23 22 22 23 21 22 21 21 21 21 21 21 23 21 21 21 22 23 22 22 23 21 23 23 21 22 121 123 15 16 11 14 13 143 142 23 22 21 22 23 21 23 21 23 21 23 21 21 22 22 22 21 23 21 22 23 21 23 22 22 21 22 23 22 21 23 22 23 23 21 22 21 21 
23 23 21 23 14 15 12 12 14 12 16 14 14 15 22 23 21 21 22 22 21 23 22 21 23 21 23 23 23 21 21 21 22 21 23 22 22 22 21 23 23 21 21 21 22 21 21 21 21 22 22 22 23 22 121 123 15 13 12 12 16 143 142 22 23 22 22 23 23 21 22 21 21 21 21 22 22 21 23 23 21 23 21 22 23 23 23 21 22 21 21 23 23 21 21 23 22 23 23 21 
22 21 23 22 15 13 14 14 16 16 11 14 11 14 13 23 22 23 21 21 23 21 21 23 22 22 23 23 23 23 22 21 23 21 22 23 21 23 21 22 22 21 22 23 21 22 22 23 23 21 21 23 22 22 21 122 123 13 13 11 13 14 143 141 23 23 21 22 23 22 22 23 21 21 23 23 21 22 22 23 22 22 23 22 22 22 21 22 23 22 23 21 21 23 21 21 23 21 23 23 
23 21 22 23 21 16 16 11 14 15 12 15 11 14 15 15 23 22 21 23 21 23 21 22 22 21 23 21 21 22 21 22 22 21 21 23 23 21 22 21 23 23 23 23 23 21 22 21 21 23 23 22 23 23 23 21 121 123 12 15 13 11 11 143 141 22 21 22 22 23 23 23 21 23 22 23 23 22 22 22 23 23 21 21 21 23 21 22 21 22 23 23 21 21 23 21 23 21 23 22 
21 22 22 21 22 11 11 15 11 15 16 16 15 14 16 12 11 21 23 22 23 21 22 21 22 22 22 21 23 21 21 21 23 22 21 22 23 21 23 23 23 23 23 21 21 21 21 21 22 23 22 21 21 23 21 22 22 121 123 11 15 15 14 16 143 141 23 23 21 23 22 21 23 22 23 23 23 23 21 21 21 22 23 23 23 21 23 23 23 22 22 21 21 21 21 23 21 22 21 21 
21 22 22 22 23 22 12 16 16 12 16 16 16 14 16 15 12 13 22 22 22 21 23 23 21 21 23 21 22 23 23 21 22 22 22 23 23 23 23 23 21 21 21 21 21 23 23 23 23 21 21 21 21 23 21 22 21 21 121 123 13 11 13 13 13 143 142 22 23 22 22 22 22 23 22 22 23 23 22 23 22 21 21 21 22 22 21 23 21 22 23 22 22 21 22 22 23 23 22 22 
21 23 22 23 23 23 11 16 16 13 13 15 13 11 15 15 16 14 15 23 22 21 22 23 21 23 23 22 22 21 21 23 21 22 23 21 23 21 21 23 21 21 22 23 21 22 22 23 22 23 23 23 21 21 21 23 21 23 22 121 123 11 15 15 12 15 143 141 23 22 22 23 21 22 21 22 22 22 21 21 22 22 22 22 22 22 21 23 21 21 23 23 21 23 22 22 21 21 21 21 
22 22 23 23 21 21 22 23 13 16 13 15 11 11 16 13 11 14 16 12 13 22 22 23 22 21 22 21 21 22 21 23 23 21 22 23 22 23 22 21 23 23 22 22 21 23 21 21 21 22 23 23 23 21 22 22 21 23 22 22 121 123 12 11 12 16 12 143 141 23 22 21 23 22 21 23 23 21 23 21 22 21 22 22 21 23 23 23 21 21 21 23 22 22 22 22 23 22 21 22 
21 22 23 21 21 21 21 23 21 14 12 13 12 16 14 12 15 11 15 16 11 33 33 33 33 33 33 33 33 22 22 22 21 22 21 21 23 21 23 21 21 23 22 21 23 23 21 21 23 23 21 21 22 23 23 22 23 23 22 21 21 121 123 15 12 16 16 14 143 142 21 23 21 21 21 22 22 23 22 23 23 23 22 22 21 21 21 22 22 23 21 22 23 21 23 23 21 22 22 22 
22 22 21 22 23 21 21 22 22 16 14 11 15 12 15 15 12 13 16 12 16 14 16 15 15 12 11 13 11 16 14 23 23 22 21 23 21 21 21 22 21 21 23 23 22 23 23 23 22 22 22 21 23 21 21 22 23 22 22 21 22 22 122 123 12 11 11 11 14 143 141 21 22 23 21 23 23 23 22 22 23 21 21 22 23 21 22 23 23 22 22 21 23 21 23 23 22 21 21 22 
22 23 22 22 21 23 21 23 22 13 12 15 13 16 11 12 15 15 12 11 11 14 16 11 14 15 14 16 13 11 15 15 21 22 23 22 21 21 21 21 23 23 23 23 23 23 22 21 21 23 23 23 21 23 21 22 21 21 21 22 22 22 23 121 123 13 16 11 12 16 143 142 22 23 22 22 22 22 21 23 23 22 21 23 21 21 22 22 22 21 23 23 22 22 23 22 22 23 22 23 
22 21 22 21 21 21 22 22 23 22 16 16 15 13 13 15 14 14 15 14 15 14 14 16 12 14 15 11 11 13 14 16 14 22 21 21 23 23 23 22 22 22 23 21 22 22 22 23 23 23 23 23 33 33 33 33 33 22 21 22 23 22 22 21 122 123 11 15 16 15 11 143 142 22 21 22 22 21 21 23 23 21 22 22 21 22 21 21 21 23 22 22 23 23 21 21 23 23 22 22 
22 23 23 22 23 23 21 21 21 22 21 13 14 15 11 11 11 13 12 16 16 14 14 13 13 12 14 13 16 16 12 14 15 15 21 21 22 22 23 23 23 23 23 23 22 21 21 23 23 23 22 21 14 13 13 14 13 21 23 22 21 23 23 22 21 122 123 14 13 11 13 13 143 141 23 22 22 22 23 23 22 21 23 21 21 23 21 21 23 21 22 23 22 22 22 21 22 23 22 22 
22 23 22 21 21 21 23 23 23 23 23 22 21 13 15 11 15 13 12 12 13 14 12 12 16 14 14 14 11 15 13 12 14 14 21 23 22 21 23 22 21 22 21 21 22 22 22 21 23 14 12 15 15 11 15 14 14 22 22 22 23 22 22 21 23 22 122 123 15 13 15 11 14 143 141 21 22 22 23 21 22 23 22 21 22 23 22 23 21 23 21 23 22 23 22 23 22 22 22 21 
23 21 21 21 22 21 21 21 21 21 21 22 23 22 23 31 31 31 31 31 31 15 15 12 14 15 11 13 15 16 16 16 12 14 21 23 22 21 22 23 21 23 23 23 23 23 23 21 23 14 15 16 16 11 11 11 16 15 13 14 15 13 11 23 23 22 21 121 123 15 12 14 14 15 143 142 23 22 22 23 22 21 23 22 23 22 22 23 21 22 22 23 22 23 23 23 23 21 21 21 
22 21 22 21 21 21 23 23 23 21 22 22 22 23 23 21 22 23 22 22 21 14 13 14 11 12 16 13 15 12 11 15 16 13 16 23 21 22 23 23 23 22 23 21 21 22 23 23 22 12 12 16 15 14 13 15 14 16 15 12 15 13 14 14 21 23 21 21 122 123 13 12 15 12 11 143 23 23 23 23 23 22 21 22 21 23 23 21 22 23 23 22 23 23 21 23 23 21 23 21 
23 22 21 22 23 22 22 23 22 22 23 21 23 21 23 21 23 21 21 23 23 22 21 16 15 14 13 11 16 16 15 16 14 14 11 22 22 23 22 21 21 21 23 21 21 23 22 15 16 11 14 11 16 11 16 14 12 16 12 15 13 11 14 15 14 21 23 23 23 21 22 15 11 15 13 16 11 21 22 22 21 22 22 23 23 22 21 21 22 23 23 22 21 21 23 22 22 22 22 22 
23 23 23 22 22 22 21 23 21 23 21 21 21 23 22 21 21 23 22 23 22 22 22 22 23 14 11 15 14 13 16 11 16 14 15 22 23 23 22 23 22 23 22 23 22 21 16 15 16 12 16 12 11 14 14 16 15 15 12 16 15 16 11 14 13 13 23 23 23 21 23 12 11 15 12 12 12 15 22 21 21 21 22 22 22 21 22 21 23 21 22 21 23 23 22 23 22 23 22 22 
21 22 22 22 23 23 23 21 22 22 22 23 22 21 22 21 22 23 23 21 23 21 22 23 23 22 12 15 11 15 12 15 13 16 16 21 23 21 22 21 22 23 23 22 22 12 16 11 15 12 13 12 16 11 12 12 16 11 15 14 13 16 13 14 13 16 11 22 23 15 16 13 16 11 15 12 12 37 21 22 23 21 22 22 23 23 21 23 23 22 22 21 22 22 21 23 21 23 23 23 
21 22 22 21 22 22 22 23 22 23 23 21 23 21 23 21 21 21 21 22 21 22 22 23 23 23 22 16 12 15 13 16 11 11 16 23 21 21 23 22 22 23 23 21 11 14 15 12 12 12 11 15 13 15 15 15 12 13 12 12 15 14 11 16 13 15 12 16 16 14 15 11 11 15 13 15 16 37 21 21 22 23 22 21 23 21 23 22 23 23 21 22 22 22 22 21 22 23 23 22 
21 21 21 21 21 22 23 23 23 21 22 22 21 21 22 23 21 22 22 21 23 23 22 21 22 22 22 13 15 11 12 12 11 15 14 23 21 23 23 23 21 21 21 15 14 11 12 13 16 13 11 12 13 11 13 15 16 14 15 12 14 16 12 13 14 15 16 12 15 15 12 16 11 13 12 12 13 37 23 21 23 21 23 22 21 21 21 23 23 23 21 22 21 21 23 23 22 21 22 21 
21 21 23 21 21 22 22 22 22 22 21 21 23 21 23 23 21 22 23 21 21 22 22 21 23 22 21 21 16 16 13 16 14 15 11 14 21 23 21 23 22 22 14 11 16 11 14 13 15 12 13 16 31 31 31 31 31 31 31 16 15 13 12 11 13 13 11 13 15 14 16 11 15 12 11 12 13 37 21 23 22 22 21 21 23 21 23 22 23 23 21 22 22 23 21 23 21 22 21 21 
21 22 21 22 21 22 23 22 22 21 21 23 23 21 21 23 23 21 21 22 21 22 22 23 22 23 23 22 11 16 15 16 15 13 11 13 15 21 21 22 22 22 14 12 13 16 14 12 16 12 15 31 21 23 21 21 22 21 23 31 14 15 15 13 12 13 13 12 13 15 13 14 16 15 16 14 16 37 22 21 21 22 23 23 21 23 21 22 23 22 22 23 23 21 21 23 22 22 22 23 
22 21 21 22 23 22 21 21 22 21 21 23 23 22 23 21 21 23 22 22 22 23 21 21 21 23 22 22 15 13 16 13 11 16 13 15 12 21 23 23 22 12 14 14 16 13 12 14 13 16 31 23 22 23 22 22 21 22 23 23 31 16 14 15 16 12 12 16 14 13 11 11 14 15 16 11 11 37 23 21 22 23 21 23 21 22 22 22 23 23 23 21 22 23 22 22 23 21 23 23 
22 21 21 22 22 22 22 22 23 21 23 23 21 23 22 21 21 21 23 21 23 23 22 22 22 23 23 23 35 11 13 12 13 11 12 11 12 21 23 21 11 13 16 13 13 13 14 14 16 31 21 21 21 21 21 23 22 22 23 22 21 31 14 15 13 16 13 14 14 14 16 13 12 14 15 11 16 12 21 21 23 21 22 21 21 22 21 23 21 21 21 22 21 21 21 22 21 23 23 21 
21 22 21 22 22 23 23 22 21 23 23 21 23 21 23 21 23 23 21 21 23 21 23 22 22 21 23 22 35 11 15 16 15 15 13 13 13 13 16 13 11 12 12 16 12 16 15 16 31 23 21 23 23 22 22 23 23 21 21 23 22 21 31 31 14 15 15 16 12 12 13 12 15 13 16 16 14 13 22 21 21 22 21 23 23 23 22 21 23 21 21 23 23 23 22 21 21 23 21 23 
22 21 22 23 23 23 21 21 22 23 22 21 22 22 23 21 22 22 22 23 22 23 23 22 22 21 23 23 35 12 11 14 16 14 12 11 11 14 15 12 11 11 13 14 13 12 31 31 21 23 23 22 22 22 21 21 22 22 23 23 22 23 21 23 31 31 13 12 13 12 16 12 14 14 13 14 12 23 21 22 21 21 22 21 22 21 21 23 22 23 21 22 22 22 21 23 22 21 22 22 
23 21 21 23 22 23 21 23 23 22 22 23 22 22 21 21 22 21 23 21 23 21 22 23 21 23 23 22 35 13 11 11 11 12 11 11 16 11 15 13 13 16 13 16 16 31 21 21 21 23 21 22 23 22 23 23 21 21 22 23 21 23 21 22 23 22 31 31 31 31 31 31 31 31 23 23 22 21 22 22 21 23 21 21 23 22 21 21 21 23 22 22 21 23 21 22 23 22 21 21 
22 22 23 21 23 23 22 22 23 23 23 21 22 22 22 22 21 22 23 22 22 22 21 22 21 21 23 22 35 13 14 15 12 15 12 16 12 14 11 16 14 15 14 11 14 31 23 23 23 23 23 22 21 21 23 22 21 22 23 23 21 21 22 23 23 21 22 22 21 22 21 23 22 23 21 21 23 23 23 22 23 22 21 21 21 22 23 21 21 22 21 21 23 22 23 22 21 21 21 21 
23 22 21 22 21 22 23 23 21 23 23 23 22 21 21 22 23 21 22 23 23 21 23 23 22 21 21 23 22 22 13 15 11 14 14 14 13 11 12 16 13 12 14 16 31 23 22 22 23 22 22 22 21 22 23 21 21 21 22 21 22 21 21 21 22 22 22 22 21 22 21 22 23 22 22 22 22 23 21 22 22 22 23 23 23 23 21 21 23 22 21 22 23 22 23 21 21 21 21 21 
23 21 23 22 21 21 21 23 21 22 22 22 21 21 23 21 22 23 21 21 22 22 23 21 21 22 23 21 23 23 16 14 11 12 13 15 11 14 15 14 16 13 14 31 23 22 23 21 23 23 22 21 21 21 21 22 22 23 21 22 21 23 22 21 22 21 23 23 21 21 23 22 21 22 23 22 21 22 22 21 22 22 22 22 22 23 21 23 22 22 23 22 23 21 23 21 22 23 21 22 
21 23 22 22 23 21 23 21 21 22 22 22 23 21 21 22 23 22 22 21 21 21 21 23 23 23 23 21 23 22 21 14 15 15 16 12 12 15 13 12 16 15 31 22 21 22 23 22 21 22 23 22 22 22 23 22 21 21 22 21 23 23 21 21 23 23 23 22 23 22 21 22 22 23 23 23 21 22 21 22 23 21 22 22 22 21 21 23 21 22 22 22 23 22 22 23 23 23 21 22 
21 22 23 23 22 23 22 21 22 22 22 22 21 21 21 23 22 21 23 23 23 21 22 22 23 21 21 22 21 22 21 21 11 11 11 15 11 12 13 13 31 31 22 23 21 23 23 22 22 22 23 22 22 23 22 23 22 23 21 23 22 21 22 23 23 23 21 23 22 22 22 22 21 23 21 23 22 23 21 22 22 22 23 21 21 22 21 22 22 23 22 23 21 23 23 23 23 23 22 22 
22 21 23 23 21 21 22 21 23 23 22 22 21 21 23 21 23 21 21 21 21 22 22 21 23 21 21 23 22 23 21 23 21 31 31 31 31 31 31 31 21 22 22 21 21 23 22 22 21 23 22 21 21 21 22 21 22 22 22 23 21 22 23 22 23 23 21 23 21 23 21 22 23 23 22 21 22 21 22 22 21 21 21 21 22 22 22 23 21 23 23 22 22 21 21 22 21 21 22 21 
21 22 23 21 22 22 22 21 22 21 23 23 22 23 21 23 22 23 22 23 23 23 21 23 23 22 21 23 23 23 23 21 22 23 22 21 22 21 22 21 22 21 22 23 21 23 21 23 21 23 22 23 22 21 22 21 22 23 21 22 23 21 23 22 21 21 22 23 23 21 21 21 22 23 21 23 23 21 22 23 21 21 23 22 22 22 21 23 22 21 21 22 22 21 21 23 23 23 23 22 
21 21 23 23 23 23 23 23 22 21 22 23 22 23 22 23 21 22 21 23 21 22 22 23 23 23 23 23 23 22 21 21 23 21 23 21 21 23 23 22 21 23 22 23 22 21 21 23 23 22 22 23 23 22 21 23 21 23 22 21 22 23 22 22 23 23 23 21 22 22 22 23 22 21 21 23 22 21 22 21 22 22 22 22 21 22 22 21 22 21 23 23 21 21 22 23 23 21 23 22 
23 23 21 21 21 21 22 22 22 21 23 21 22 21 23 23 23 22 21 21 22 21 21 22 21 23 22 21 21 22 23 21 21 21 22 22 23 21 23 21 22 23 23 21 21 22 21 21 21 22 21 22 22 22 22 22 23 23 23 23 22 23 21 21 21 23 22 23 21 22 21 22 22 21 22 22 23 22 22 23 23 21 22 21 23 21 21 22 23 21 22 22 21 22 22 21 22 21 21 22 
