0 60 0 90 0 75 0 90 0 90 0 75 0 75 0 75 0 75 0 75 0 75 0 90 0 75 0 60 0 90 0 75 0 60 0 75 0 90 0 60 0 75 0 60 0 75 0 75 0 75 0 75 0 60 0 60 0 90 0 75 0 75 0 60 0 60 0 60 0 90 0 75 0 90 0 75 0 90 0 75 0 90 0 75 0 60 0 75 0 75 0 60 0 90 0 75 0 75 0 90 0 90 0 90 0 60 0 75 0 75 0 90 0 60 0 90 0 60 0 90 0 75 0 90 0 75 0 90 0 90 0 60 0 60 0 90 0 90 0 60 0 90 0 75 0 75 0 90 0 60 0 90 0 60 0 75 0 75 0 90 0 75 0 60 0 60 0 90 0 90 0 75 0 90 0 90 0 75 0 60 0 60 0 60 0 90 0 75 0 60 0 90 0 75 0 75 0 90 0 75 
0 90 0 90 0 75 0 75 0 75 0 75 0 75 0 90 0 60 0 60 0 90 0 90 0 75 0 60 0 90 0 75 0 75 0 90 0 75 0 75 0 90 0 75 0 75 0 75 0 90 0 90 0 60 0 90 0 75 0 60 0 60 0 75 0 90 0 90 0 60 0 90 0 75 0 75 0 90 0 90 0 90 0 75 0 90 0 90 0 90 0 75 0 75 0 75 0 60 0 90 0 60 0 60 0 75 0 75 0 75 0 75 0 90 0 60 0 60 0 60 0 75 0 90 0 90 0 75 0 75 0 90 0 75 0 60 0 90 0 60 0 60 0 90 0 60 0 60 0 75 0 90 0 60 0 90 0 75 0 60 0 90 0 75 0 75 0 75 0 75 0 60 0 90 0 60 0 75 0 75 0 75 0 60 0 60 0 75 0 75 0 90 0 60 0 90 0 60 0 60 
0 90 0 75 0 60 0 90 0 90 0 75 0 60 0 90 0 90 0 75 0 75 0 90 0 60 0 60 0 60 0 90 0 60 0 60 0 90 0 90 0 75 0 75 0 90 0 90 0 90 0 75 0 90 0 60 0 75 0 60 0 75 0 75 0 90 0 75 0 90 0 75 0 60 0 90 0 75 0 60 0 60 0 90 0 90 0 75 0 90 0 60 0 60 0 60 0 75 0 60 0 60 0 90 0 75 0 60 0 90 0 60 0 75 0 90 0 75 0 60 0 90 0 60 0 90 0 90 0 75 0 75 0 60 0 90 0 60 0 90 0 75 0 75 0 90 0 60 0 60 0 90 0 90 0 60 0 60 0 60 0 75 0 75 0 90 0 60 0 90 0 90 0 75 0 75 0 75 0 60 0 90 0 75 0 60 0 90 0 60 0 90 0 60 0 75 0 90 0 75 
0 60 0 60 0 90 0 75 0 90 0 90 0 60 0 75 0 75 0 75 0 75 0 60 0 60 0 75 0 60 0 60 0 90 0 75 0 75 0 60 0 90 0 75 0 90 0 90 0 60 0 90 0 90 0 75 0 75 0 90 0 90 0 60 0 60 0 60 0 75 0 90 0 90 0 75 0 75 0 75 0 75 0 90 0 75 0 75 0 90 0 90 0 90 0 75 0 75 0 75 0 90 0 90 0 60 0 75 0 75 0 75 0 90 0 90 0 60 0 75 0 90 0 60 0 75 0 90 0 60 0 60 0 60 0 75 0 60 0 75 0 90 0 75 0 90 0 90 0 60 0 90 0 90 0 90 0 60 0 60 0 60 0 60 0 60 0 75 0 90 0 60 0 60 0 90 0 90 0 75 0 60 0 75 0 75 0 60 0 75 0 60 0 75 0 75 0 75 0 75 
0 75 0 75 0 90 0 60 0 60 0 90 0 90 0 60 0 90 0 60 0 75 0 60 0 60 0 90 0 75 0 60 0 90 0 90 0 60 0 75 0 60 0 90 0 60 0 60 0 60 0 90 0 60 0 75 0 75 0 90 0 60 0 90 0 75 0 60 0 60 0 90 0 75 0 60 0 90 0 60 0 60 0 75 0 75 0 90 0 75 0 75 0 60 0 75 0 60 0 75 0 60 0 90 0 75 0 195 0 15 0 15 0 15 0 15 0 15 0 15 0 15 0 15 0 15 0 15 0 15 0 210 0 60 0 90 0 75 0 60 0 60 0 90 0 90 0 60 0 60 0 90 0 75 0 75 0 60 0 75 0 90 0 60 0 90 0 60 0 90 0 75 0 90 0 75 0 60 0 60 0 90 0 90 0 75 0 75 0 90 0 60 0 90 0 60 0 60 0 60 
0 75 0 60 0 75 0 75 0 60 0 90 0 60 0 60 0 60 0 60 0 75 0 60 0 90 0 60 0 90 0 75 0 90 0 90 0 60 0 90 0 60 0 90 0 75 0 75 0 75 0 75 0 90 0 75 0 90 0 60 0 60 0 75 0 75 0 75 0 60 0 90 0 60 0 60 0 60 0 90 0 90 0 90 0 60 0 75 0 60 0 90 0 60 0 90 0 75 0 225 0 240 0 255 0 270 0 285 0 105 0 105 0 135 0 105 0 135 0 120 0 180 0 180 0 165 0 120 0 180 0 300 0 315 0 75 0 75 0 60 0 60 0 60 0 75 0 75 0 75 0 75 0 75 0 75 0 75 0 75 0 90 0 60 0 90 0 90 0 60 0 90 0 90 0 60 0 60 0 75 0 90 0 75 0 90 0 75 0 60 0 75 0 90 0 90 0 75 0 60 
0 60 0 75 0 75 0 75 0 60 0 60 0 60 0 60 0 75 0 90 0 75 0 75 0 90 0 75 0 75 0 60 0 90 0 60 0 75 0 60 0 75 0 75 0 75 0 90 0 60 0 75 0 60 0 90 0 75 0 75 0 75 0 75 0 75 0 60 0 90 0 75 0 60 0 60 0 90 0 60 0 60 0 90 0 75 0 60 0 75 0 90 0 60 0 330 0 345 0 360 0 105 0 135 0 150 0 135 0 135 0 120 0 165 0 120 0 180 0 150 0 180 0 135 0 135 0 180 0 165 0 120 0 375 0 390 0 60 0 75 0 75 0 90 0 60 0 90 0 90 0 60 0 90 0 90 0 75 0 60 0 60 0 90 0 75 0 90 0 90 0 90 0 75 0 75 0 90 0 90 0 60 0 75 0 60 0 60 0 75 0 60 0 60 0 60 0 90 0 60 
0 90 0 60 0 60 0 60 0 75 0 60 0 60 0 60 0 90 0 90 0 75 0 60 0 90 0 75 0 60 0 90 0 60 0 90 0 75 0 90 0 75 0 90 0 90 0 60 0 60 0 60 0 75 0 60 0 75 0 60 0 75 0 75 0 75 0 90 0 75 0 90 0 60 0 90 0 75 0 60 0 90 0 90 0 75 0 90 0 75 0 75 0 330 0 405 0 180 0 180 0 150 0 165 0 180 0 105 0 165 0 120 0 150 0 165 0 150 0 120 0 180 0 165 0 180 0 120 0 105 0 150 0 120 0 375 0 420 0 75 0 75 0 90 0 75 0 90 0 90 0 75 0 90 0 75 0 75 0 75 0 90 0 60 0 75 0 75 0 90 0 60 0 75 0 60 0 60 0 75 0 60 0 60 0 60 0 60 0 90 0 90 0 60 0 90 0 60 0 90 
0 75 0 75 0 75 0 60 0 60 0 60 0 75 0 60 0 90 0 60 0 75 0 60 0 75 0 90 0 75 0 60 0 60 0 90 0 90 0 60 0 75 0 60 0 75 0 75 0 60 0 75 0 60 0 75 0 75 0 60 0 60 0 60 0 60 0 75 0 60 0 60 0 60 0 90 0 75 0 60 0 60 0 60 0 60 0 75 0 90 0 330 0 435 0 180 0 150 0 165 0 120 0 180 0 135 0 135 0 150 0 180 0 120 0 165 0 150 0 180 0 150 0 135 0 165 0 150 0 180 0 120 0 135 0 165 0 375 0 390 0 90 0 60 0 60 0 75 0 60 0 60 0 75 0 90 0 90 0 90 0 75 0 90 0 60 0 75 0 75 0 60 0 75 0 90 0 90 0 60 0 75 0 60 0 90 0 75 0 60 0 75 0 75 0 60 0 90 0 75 
0 75 0 90 0 90 0 90 0 75 0 75 0 60 0 90 0 60 0 60 0 75 0 75 0 90 0 90 0 90 0 90 0 60 0 75 0 75 0 90 0 90 0 90 0 60 0 90 0 75 0 60 0 75 0 75 0 90 0 75 0 60 0 60 0 75 0 60 0 75 0 90 0 75 0 75 0 60 0 90 0 90 0 90 0 75 0 90 0 90 15 0 0 120 0 135 0 135 0 105 0 120 0 180 0 150 0 135 0 105 0 180 0 105 0 120 0 120 0 165 0 150 0 165 0 135 0 135 0 150 0 150 0 150 0 120 0 180 0 375 0 420 0 75 0 75 0 75 0 75 0 60 0 90 0 75 0 60 0 75 0 60 0 90 0 90 0 90 0 60 0 90 0 75 0 60 0 60 0 90 0 75 0 90 0 75 0 60 0 60 0 75 0 90 0 75 0 75 0 90 
0 60 0 60 0 75 0 75 0 90 0 60 0 90 0 90 0 75 0 60 0 60 0 90 0 60 0 75 0 90 0 75 0 60 0 75 0 75 0 75 0 60 0 75 0 75 0 60 0 75 0 90 0 75 0 75 0 60 0 60 0 60 0 60 0 75 0 90 0 90 0 75 0 60 0 60 0 75 0 90 0 60 0 90 0 60 0 75 15 15 15 30 0 105 0 150 0 105 0 135 0 165 0 135 0 105 0 135 15 45 15 60 15 75 15 90 0 0 0 0 0 0 15 105 15 120 15 135 0 165 0 180 0 135 0 150 0 180 0 165 0 375 0 420 0 75 0 60 0 90 0 90 0 75 0 75 0 90 0 75 0 60 0 60 0 75 0 75 0 90 0 90 0 75 0 60 0 90 0 90 0 60 0 60 0 90 0 90 0 90 0 60 0 90 0 75 0 60 0 90 
0 75 0 90 0 75 0 75 0 90 0 75 0 60 0 75 0 90 0 60 0 75 0 60 0 75 0 90 0 90 0 90 0 60 0 60 0 90 0 60 0 60 0 60 0 60 0 90 0 60 0 90 0 60 0 60 0 75 0 60 0 60 0 75 0 60 0 75 0 60 0 90 0 90 0 75 0 90 0 90 0 90 0 60 0 60 0 60 15 150 0 150 0 135 0 135 0 120 0 165 0 105 0 120 15 165 15 180 15 195 0 75 0 75 0 75 0 90 0 90 0 90 0 60 0 90 15 210 15 135 0 120 0 120 0 105 0 180 0 120 0 180 0 375 0 390 0 90 0 75 0 60 0 75 0 75 0 90 0 75 0 75 0 75 0 90 0 60 0 60 0 60 0 75 0 90 0 60 0 60 0 90 0 90 0 90 0 75 0 75 0 75 0 90 0 75 0 60 0 60 
0 75 0 60 0 90 0 75 0 75 0 75 0 75 0 60 0 60 0 90 0 75 0 90 0 60 0 75 0 90 0 75 0 75 0 90 0 75 0 90 0 60 0 60 0 75 0 90 0 90 0 90 0 90 0 75 0 60 0 60 0 90 0 90 0 75 0 75 0 75 0 90 0 60 0 90 0 90 0 60 0 90 0 75 0 75 15 225 15 240 0 180 0 105 0 150 0 180 0 120 0 150 15 255 15 270 0 60 0 75 0 60 0 75 0 60 0 60 0 75 0 60 0 60 0 90 0 75 15 285 15 135 0 105 0 180 0 120 0 135 0 165 0 105 0 375 0 390 0 90 0 75 0 60 0 90 0 60 0 60 0 75 0 75 0 60 0 75 0 75 0 90 0 60 0 90 0 90 0 90 0 60 0 75 0 60 0 75 0 90 0 75 0 75 0 90 0 90 0 90 
0 75 0 75 0 90 0 90 0 75 0 75 0 90 0 90 0 75 0 90 0 60 0 90 0 60 0 60 0 75 0 90 0 60 0 90 0 90 0 60 0 75 0 60 0 90 0 90 0 75 0 75 0 60 0 60 0 90 0 60 0 60 0 60 0 75 0 90 0 75 0 75 0 75 0 75 0 75 0 60 0 60 0 75 0 90 15 300 0 105 0 120 0 165 0 105 0 120 0 120 0 105 15 315 0 90 0 60 0 75 0 90 0 60 0 90 0 75 0 75 0 60 0 60 0 90 0 75 0 90 15 285 15 135 0 165 0 120 0 165 0 105 0 150 0 135 0 375 0 420 0 75 0 75 0 90 0 90 0 60 0 60 0 75 0 90 0 75 0 60 0 75 0 75 0 60 0 90 0 90 0 90 0 60 0 60 0 75 0 75 0 60 0 90 0 75 0 90 0 90 
0 60 0 75 0 60 0 75 0 90 0 60 0 90 0 60 0 90 0 90 0 75 0 60 0 60 0 90 0 75 0 75 0 60 0 75 0 90 0 60 0 75 0 90 0 75 0 75 0 75 0 60 0 60 0 75 0 90 0 60 0 60 0 60 0 90 0 60 0 75 0 75 0 75 0 75 0 90 0 75 0 60 0 75 15 330 15 345 0 165 0 120 0 150 0 150 0 120 0 165 15 360 15 375 0 90 0 60 0 60 0 90 0 75 0 75 0 75 0 90 0 90 0 75 0 60 0 90 0 60 0 60 15 210 15 135 0 180 0 135 0 120 0 165 0 180 0 135 0 375 0 390 0 90 0 75 0 75 0 60 0 90 0 90 0 60 0 60 0 60 0 75 0 60 0 75 0 90 0 60 0 60 0 75 0 90 0 75 0 60 0 90 0 75 0 75 0 75 0 75 
0 90 0 90 0 75 0 60 0 60 0 60 0 60 0 75 0 90 0 75 0 75 0 90 0 75 0 75 0 75 0 60 0 60 0 75 0 90 0 75 0 90 0 90 0 90 0 90 0 75 0 75 0 75 0 90 0 90 0 75 0 75 0 90 0 75 0 75 0 60 0 75 0 75 0 90 0 90 0 75 0 75 0 90 15 390 0 180 0 165 0 165 0 150 0 165 0 105 0 135 15 405 0 75 0 75 0 90 0 75 0 75 0 75 0 90 0 90 0 75 0 60 0 60 0 60 0 90 0 90 0 75 0 60 15 210 15 135 0 135 0 105 0 105 0 120 0 150 0 120 0 375 0 420 0 75 0 60 0 75 0 90 0 75 0 75 0 75 0 75 0 75 0 90 0 60 0 60 0 60 0 90 0 90 0 90 0 90 0 75 0 60 0 90 0 75 0 60 0 90 
0 90 0 75 0 90 0 90 0 75 0 75 0 60 0 75 0 90 0 60 0 90 0 75 0 60 0 90 0 60 0 75 0 60 0 90 0 60 0 75 0 90 0 60 0 75 0 60 0 90 0 90 0 75 0 60 0 75 0 75 0 90 0 75 0 75 0 90 0 75 0 90 0 90 0 90 0 75 0 90 0 60 0 90 15 420 0 165 0 165 0 165 0 120 0 165 0 165 15 435 30 0 0 90 0 75 0 60 0 90 0 75 0 90 0 60 0 75 0 75 0 90 0 75 0 60 0 75 0 90 0 75 0 90 0 90 15 285 15 135 0 150 0 105 0 165 0 105 0 120 0 165 0 375 0 420 0 75 0 75 0 60 0 60 0 90 0 90 0 75 0 90 0 75 0 60 0 60 0 90 0 90 0 60 0 90 0 60 0 90 0 75 0 60 0 60 0 60 0 60 
0 75 0 60 0 90 0 75 0 60 0 75 0 90 0 60 0 60 0 75 0 75 0 60 0 90 0 90 0 90 0 75 0 90 0 90 0 75 0 90 0 75 0 60 0 60 0 75 0 75 0 60 0 60 0 75 0 60 0 75 0 75 0 90 0 75 0 75 0 75 0 60 0 60 0 75 0 60 0 60 0 90 0 90 30 15 0 120 0 135 0 135 0 165 0 105 0 120 30 30 0 60 0 75 0 90 0 90 0 90 0 90 0 75 0 75 0 90 0 90 0 60 0 60 0 60 0 60 0 60 0 90 0 90 0 90 0 90 15 285 15 135 0 135 0 150 0 150 0 150 0 165 0 105 0 375 0 390 0 75 0 60 0 60 0 90 0 90 0 90 0 75 0 75 0 90 0 60 0 75 0 75 0 90 0 60 0 90 0 75 0 60 0 90 0 75 0 75 0 90 
0 75 0 60 0 90 0 75 0 90 0 60 0 90 0 60 0 90 0 60 0 90 0 90 0 60 0 90 0 90 0 90 0 75 0 75 0 90 0 75 0 90 0 75 0 75 0 60 0 75 0 60 0 75 0 75 0 90 0 60 0 90 0 75 0 60 0 75 0 90 0 75 0 90 0 75 0 75 0 75 0 75 0 90 30 45 0 180 0 150 0 165 0 165 0 150 0 105 30 60 0 90 0 60 0 90 0 90 0 90 0 75 0 90 0 60 0 90 0 75 0 75 0 75 0 75 0 60 0 90 0 75 0 90 0 90 0 60 0 75 15 210 15 135 0 180 0 150 0 165 0 150 0 180 0 150 0 375 0 390 0 75 0 75 0 90 0 90 0 75 0 90 0 90 0 60 0 75 0 75 0 90 0 90 0 75 0 75 0 60 0 60 0 60 0 90 0 75 0 60 
0 75 0 75 0 90 0 90 0 60 0 75 0 90 0 75 0 60 0 75 0 90 0 75 0 90 0 90 0 75 0 75 0 90 0 60 0 75 0 75 0 75 0 75 0 60 0 60 0 60 0 60 0 75 0 60 0 90 0 60 0 75 0 75 0 90 0 90 0 75 0 90 0 75 0 60 0 90 0 90 0 90 0 90 30 75 0 120 0 180 0 180 0 150 0 105 0 120 30 90 0 75 0 90 0 75 0 60 0 75 0 75 0 75 0 75 0 60 0 60 0 60 0 90 0 60 0 75 0 75 0 60 0 60 0 90 0 60 0 90 0 60 15 210 15 135 0 135 0 120 0 180 0 150 0 105 0 135 0 375 0 420 0 90 0 90 0 90 0 90 0 60 0 60 0 60 0 60 0 75 0 90 0 75 0 60 0 90 0 90 0 75 0 60 0 60 0 75 0 90 
0 60 0 90 0 90 0 75 0 75 0 60 0 75 0 75 0 75 0 75 0 90 0 60 0 90 0 75 0 75 0 90 0 90 0 75 0 60 0 60 0 60 0 90 0 90 0 60 0 60 0 90 0 60 0 60 0 90 0 75 0 90 0 75 0 60 0 90 0 90 0 60 0 60 0 60 0 90 0 75 0 60 30 105 30 120 0 180 0 165 0 135 0 180 0 135 0 120 30 135 0 75 0 60 0 75 0 90 0 75 0 75 0 60 0 90 0 75 0 90 0 60 0 75 0 90 0 75 0 90 0 75 0 90 0 75 0 60 0 90 0 90 0 90 15 285 15 135 0 180 0 150 0 135 0 180 0 105 0 165 0 375 0 390 0 75 0 60 0 60 0 60 0 90 0 90 0 60 0 60 0 60 0 60 0 60 0 90 0 60 0 60 0 75 0 60 0 90 0 75 
0 90 0 90 0 75 0 60 0 90 0 60 0 90 0 90 0 90 0 75 0 75 0 90 0 60 0 60 0 60 0 60 0 75 0 90 0 90 0 75 0 60 0 60 0 90 0 75 0 60 0 60 0 90 0 90 0 90 0 75 0 75 0 90 0 75 0 90 0 90 0 75 0 90 0 90 0 60 0 75 0 75 0 45 0 180 0 165 0 135 0 150 0 180 0 180 0 165 0 30 0 90 0 60 0 75 0 60 0 75 0 75 0 90 0 75 0 90 0 75 0 60 0 90 0 60 0 90 0 75 0 90 0 75 0 60 0 75 0 90 0 60 0 90 0 75 15 285 15 135 0 150 0 165 0 120 0 180 0 120 0 165 0 375 0 420 0 90 0 90 0 60 0 60 0 60 0 75 0 75 0 90 0 60 0 90 0 90 0 90 0 75 0 75 0 60 0 60 0 60 
0 60 0 60 0 75 0 75 0 90 0 90 0 60 0 60 0 60 0 90 0 75 0 60 0 60 0 90 0 60 0 75 0 75 0 75 0 90 0 60 0 90 0 90 0 75 0 60 0 90 0 60 0 75 0 60 0 75 0 90 0 75 0 60 0 90 0 60 0 75 0 75 0 60 0 60 0 60 0 60 0 60 0 45 0 135 0 150 0 135 0 105 0 150 0 150 0 180 0 30 0 75 0 60 0 90 0 90 0 60 0 60 0 90 0 90 0 75 0 60 0 75 0 90 0 60 0 90 0 90 0 60 0 60 0 90 0 90 0 60 0 60 0 60 0 60 0 60 15 210 15 135 0 105 0 165 0 150 0 165 0 135 0 105 0 375 0 420 0 60 0 75 0 90 0 90 0 60 0 90 0 90 0 60 0 90 0 75 0 75 0 75 0 75 0 90 0 90 0 75 
0 60 0 90 0 75 0 90 0 60 0 90 0 60 0 75 0 60 0 75 0 60 0 75 0 90 0 60 0 90 0 60 0 75 0 75 0 60 0 60 0 75 0 60 0 75 0 75 0 75 0 60 0 60 0 90 0 90 0 90 0 75 0 60 0 90 0 60 0 90 0 60 0 90 0 60 0 75 0 75 0 75 0 45 0 120 0 135 0 120 0 120 0 180 0 135 0 165 0 30 0 75 0 90 0 90 0 90 0 90 0 60 0 75 0 75 0 60 0 90 0 75 0 60 0 75 0 90 0 60 0 75 0 60 0 75 0 75 0 60 0 75 0 75 0 75 0 75 0 60 15 210 15 135 0 120 0 105 0 105 0 120 0 120 0 135 0 375 0 390 0 60 0 60 0 75 0 60 0 75 0 75 0 90 0 90 0 60 0 90 0 60 0 75 0 60 0 75 0 60 
0 60 0 90 0 90 0 90 0 60 0 75 0 75 0 60 0 60 0 90 0 75 0 75 0 90 0 60 0 60 0 75 0 60 0 60 0 60 0 90 0 90 0 90 0 75 0 90 0 90 0 75 0 60 0 90 0 75 0 90 0 60 0 90 0 90 0 90 0 90 0 60 0 60 0 75 0 60 0 75 0 60 0 45 0 135 0 105 0 150 0 105 0 150 0 165 0 120 0 30 0 75 0 90 0 60 0 75 0 90 0 90 0 75 0 90 0 60 0 90 0 75 0 60 0 90 0 75 0 60 0 75 0 60 0 60 0 75 0 90 0 90 0 90 0 75 0 90 0 90 0 75 15 210 15 135 0 105 0 150 0 180 0 135 0 165 0 120 0 375 30 150 0 90 0 60 0 90 0 90 0 60 0 75 0 75 0 75 0 75 0 60 0 90 0 75 0 90 0 90 
0 90 0 75 0 60 0 90 0 60 0 90 0 90 0 90 0 75 0 75 0 60 0 90 0 90 0 60 0 60 0 75 0 75 0 60 0 90 0 90 0 90 0 90 0 60 0 60 0 75 0 90 0 75 0 60 0 60 0 75 0 60 0 75 0 60 0 75 0 75 0 75 0 60 0 60 0 60 0 90 0 60 0 45 0 165 0 105 0 180 0 120 0 150 0 120 0 180 0 30 0 60 0 75 0 75 0 60 0 75 0 90 0 60 0 60 0 90 0 90 0 75 0 75 0 75 0 90 0 90 0 75 0 75 0 75 0 60 0 90 0 75 0 60 0 75 0 90 0 75 0 90 0 60 15 285 15 135 0 105 0 150 0 135 0 180 0 105 0 165 30 165 0 75 0 60 0 60 0 75 0 90 0 60 0 75 0 90 0 90 0 90 0 60 0 90 0 90 0 90 
0 75 0 60 0 60 0 60 0 60 0 75 0 60 0 90 0 90 0 90 0 60 0 60 0 60 0 60 0 90 0 75 0 90 0 75 0 60 0 90 0 60 0 90 0 60 0 90 0 90 0 75 0 75 0 60 0 75 0 75 0 90 0 60 0 75 0 60 0 60 0 90 0 75 0 60 0 90 0 75 0 60 0 45 0 105 0 120 0 165 0 150 0 150 0 135 0 135 0 30 0 60 0 60 0 90 0 60 0 60 0 75 0 90 0 90 0 90 0 90 0 90 0 60 0 75 0 90 0 75 0 90 0 90 0 90 0 60 0 60 0 60 0 60 0 75 0 60 0 60 0 90 0 90 0 90 15 285 15 135 0 120 0 105 0 180 0 120 0 105 30 180 0 90 0 90 0 90 0 60 0 60 0 75 0 60 0 90 0 90 0 75 0 60 0 90 0 60 0 60 
0 90 0 90 0 60 0 60 0 90 0 60 0 90 0 75 0 75 0 90 0 75 0 75 0 75 0 75 0 60 0 60 0 60 0 60 0 60 0 60 0 60 0 60 0 75 0 75 0 60 0 75 0 60 0 60 0 75 0 75 0 75 0 75 0 75 0 60 0 75 0 60 0 60 0 75 0 90 0 90 0 75 0 45 0 180 0 150 0 105 0 150 0 180 0 165 0 165 0 30 0 90 0 90 0 75 0 75 0 60 0 75 0 90 0 60 0 60 0 60 0 75 0 75 0 75 0 90 0 90 0 90 0 60 0 90 0 75 0 75 0 60 0 60 0 75 0 90 0 60 0 60 0 60 0 75 0 90 30 195 0 135 0 150 0 165 0 135 0 180 30 210 30 225 0 90 0 90 0 75 0 90 0 90 0 75 0 90 0 75 0 60 0 90 0 75 0 60 0 75 
0 90 0 90 0 90 0 75 0 75 0 75 0 90 0 60 0 75 0 90 0 75 0 60 0 75 0 75 0 75 0 75 0 60 0 75 0 60 0 90 0 60 0 60 0 90 0 75 0 75 0 75 0 90 0 60 0 60 0 75 0 75 0 60 0 75 0 90 0 75 0 90 0 60 0 75 0 75 0 90 0 75 0 45 0 150 0 165 0 150 0 180 0 150 0 165 0 105 0 30 0 75 0 90 0 75 0 90 0 90 0 75 0 60 0 60 0 60 0 60 0 75 0 75 0 75 0 60 0 75 0 60 0 60 0 60 0 60 0 60 0 75 0 75 0 60 0 60 0 90 0 75 0 75 0 75 0 75 30 240 0 105 0 150 0 105 0 135 0 165 0 180 0 30 0 60 0 90 0 75 0 75 0 90 0 90 0 60 0 75 0 75 0 75 0 60 0 75 0 75 
0 60 0 75 0 90 0 60 0 60 0 60 0 60 0 75 0 60 0 90 0 90 0 90 0 60 0 90 0 75 0 60 0 75 0 60 0 75 0 75 0 90 0 60 0 75 0 75 0 75 0 60 0 90 0 60 0 75 0 90 0 90 0 60 0 75 0 90 0 60 0 90 0 90 0 75 0 75 0 60 0 75 0 45 0 150 0 150 0 135 0 165 0 120 0 135 0 105 0 30 0 90 0 75 0 75 0 90 0 90 0 60 0 75 0 75 0 75 0 90 0 90 0 90 0 75 0 75 0 60 0 90 0 75 0 60 0 90 0 75 0 60 0 60 0 90 0 75 0 90 0 90 0 60 0 75 0 75 30 255 0 105 0 120 0 105 0 135 0 105 0 105 0 30 0 75 0 75 0 90 0 60 0 60 0 90 0 90 0 60 0 60 0 75 0 75 0 60 0 90 
0 90 0 60 0 90 0 90 0 75 0 75 0 75 0 60 0 75 0 90 0 90 0 60 0 60 0 75 0 60 0 90 0 90 0 90 0 90 0 75 0 90 0 90 0 90 0 75 0 90 0 90 0 90 0 75 0 75 0 90 0 75 0 75 0 90 0 75 0 75 0 75 0 90 0 60 0 90 0 75 0 90 30 270 0 180 0 165 0 135 0 120 0 180 0 105 0 150 0 30 0 75 0 90 0 90 0 75 0 75 0 75 0 90 0 75 0 60 0 90 0 60 0 60 0 90 0 90 0 75 0 90 0 60 0 90 0 75 0 60 0 90 0 75 0 75 0 60 0 75 0 60 0 90 0 90 0 90 0 45 0 135 0 105 0 135 0 120 0 180 0 105 0 30 0 75 0 60 0 75 0 90 0 75 0 60 0 60 0 75 0 90 0 90 0 90 0 60 0 90 
0 60 0 75 0 60 0 60 0 90 0 75 0 60 0 75 0 75 0 75 0 60 0 90 0 60 0 60 0 75 0 60 0 90 0 90 0 75 0 60 0 60 0 75 0 90 0 90 0 90 0 60 0 90 0 75 0 75 0 90 0 90 0 90 0 75 0 90 0 60 0 75 0 90 0 75 0 60 0 75 0 90 30 285 0 150 0 105 0 150 0 135 0 120 0 120 0 180 0 30 0 75 0 90 0 75 0 90 0 90 0 60 0 75 0 75 0 75 0 75 0 60 0 60 0 60 0 90 0 60 0 90 0 60 0 75 0 75 0 90 0 90 0 75 0 75 0 90 0 90 0 90 0 60 0 90 0 75 0 45 0 180 0 105 0 105 0 180 0 120 0 150 0 30 0 75 0 90 0 90 0 90 0 60 0 60 0 60 0 90 0 90 0 60 0 90 0 75 0 60 
0 60 0 60 0 60 0 60 0 90 0 90 0 60 0 60 0 90 0 75 0 90 0 60 0 60 0 90 0 75 0 90 0 75 0 90 0 90 0 60 0 75 0 75 0 75 0 60 0 90 0 75 0 90 0 60 0 60 0 75 0 60 0 90 0 90 0 90 0 90 0 75 0 90 0 60 0 90 0 75 30 300 30 315 0 135 0 135 0 180 0 150 0 135 0 120 0 150 0 30 0 75 0 60 0 90 0 90 0 90 0 75 0 75 0 60 0 60 0 90 0 90 0 75 0 60 0 75 0 90 0 90 0 60 0 90 0 90 0 60 0 75 0 60 0 90 0 60 0 90 0 90 0 60 0 60 0 60 0 45 0 135 0 165 0 120 0 135 0 150 0 120 0 30 0 90 0 90 0 60 0 90 0 75 0 90 0 90 0 90 0 60 0 75 0 90 0 60 0 90 
0 75 0 60 0 60 0 60 0 75 0 75 0 75 0 90 0 60 0 90 0 90 0 60 30 330 0 15 0 15 0 15 0 15 0 15 0 15 0 15 0 15 0 15 0 15 0 15 0 15 0 15 0 15 0 15 0 15 0 15 0 15 0 15 0 15 0 15 0 15 0 15 0 15 0 15 30 345 30 360 30 375 0 120 0 105 0 135 0 120 0 135 0 165 0 135 0 165 0 30 0 75 0 90 0 90 0 75 0 60 0 90 0 90 0 75 0 90 0 60 0 75 0 75 0 75 0 90 0 90 0 60 0 60 0 75 0 90 0 75 0 60 0 75 0 90 0 90 0 60 0 90 0 60 0 90 0 75 0 45 0 150 0 150 0 180 0 150 0 120 0 180 0 30 0 60 0 75 0 75 0 90 0 60 0 75 0 60 0 75 0 75 0 60 0 90 0 75 0 60 
0 60 0 75 0 60 0 75 0 60 0 60 0 60 0 60 30 390 30 405 30 420 30 435 45 0 0 180 0 165 0 135 0 165 0 135 0 165 0 120 0 150 0 150 0 105 0 150 0 165 0 135 0 150 0 165 0 180 0 150 0 120 0 150 0 135 0 150 0 120 0 105 0 120 0 150 0 150 0 135 0 150 0 105 0 150 0 120 0 165 0 120 0 120 0 135 0 120 0 30 0 60 0 75 0 75 0 60 0 90 0 90 0 90 0 75 0 90 0 75 0 75 0 75 0 60 0 75 0 75 0 75 0 60 0 75 0 90 0 60 0 90 0 90 0 75 0 60 0 90 0 60 0 75 0 75 0 90 0 45 0 165 0 105 0 165 0 105 0 135 0 135 0 30 0 90 0 90 0 90 0 75 0 90 0 75 0 60 0 75 0 90 0 75 0 90 0 60 0 60 
0 90 0 90 0 60 0 75 0 90 0 90 45 15 45 30 45 45 0 180 0 165 0 150 0 165 0 135 0 105 0 135 0 105 0 165 0 135 0 150 0 165 0 135 0 150 0 150 0 180 0 150 0 180 0 180 0 135 0 120 0 120 0 135 0 165 0 120 0 120 0 120 0 105 0 105 0 105 0 135 0 105 0 135 0 105 0 135 0 180 0 165 0 135 0 150 0 105 0 30 0 60 0 60 0 75 0 90 0 60 0 90 0 75 0 90 0 90 0 75 0 75 0 75 0 60 0 75 0 90 0 90 0 60 0 90 0 90 0 75 0 90 0 90 0 90 0 90 0 60 0 75 0 90 0 75 0 75 0 45 0 135 0 120 0 120 0 120 0 180 0 165 0 30 0 90 0 90 0 75 0 75 0 90 0 60 0 60 0 60 0 75 0 90 0 60 0 75 0 60 
0 90 0 75 0 90 0 60 0 75 45 60 45 45 0 135 0 105 0 165 0 150 0 180 0 180 0 180 0 180 0 165 0 165 0 165 0 165 0 120 0 120 0 120 0 135 0 135 0 165 0 135 0 120 0 135 0 135 0 150 0 165 0 105 0 165 0 105 0 135 0 105 0 165 0 165 0 135 0 165 0 135 0 165 0 120 0 105 0 120 0 180 0 165 0 105 45 75 45 90 0 60 0 60 0 75 0 75 0 60 0 75 0 90 0 75 0 75 0 60 0 90 0 60 0 75 0 60 0 75 0 60 0 60 0 75 0 60 0 60 0 90 0 75 0 75 0 90 0 60 0 75 0 90 0 75 0 60 30 270 0 180 0 120 0 165 0 150 0 135 0 120 0 30 0 60 0 75 0 75 0 60 0 60 0 90 0 90 0 60 0 60 0 90 0 60 0 60 0 60 
0 75 0 75 0 75 0 60 45 105 45 120 0 180 0 165 0 105 0 150 0 135 0 150 0 180 0 150 0 105 0 105 0 180 0 150 0 120 0 105 0 180 0 135 0 165 0 150 0 150 0 165 0 105 0 135 0 120 0 105 0 135 0 180 0 120 0 105 0 180 0 150 0 165 0 135 0 120 0 165 0 105 0 120 0 180 0 180 0 135 0 150 0 180 0 120 45 135 0 90 0 75 0 60 0 75 0 90 0 90 0 90 0 90 0 75 0 90 0 75 0 60 0 90 0 75 0 75 0 60 0 90 0 60 0 75 0 60 0 90 0 90 0 60 0 90 0 75 0 60 0 90 0 75 0 75 0 60 30 285 0 150 0 150 0 165 0 120 0 180 0 120 0 30 0 75 0 75 0 75 0 90 0 75 0 60 0 75 0 60 0 90 0 90 0 75 0 75 0 90 
0 60 0 60 0 90 45 150 45 165 0 105 0 120 0 150 0 105 0 120 0 180 0 120 0 150 0 180 0 135 0 165 0 135 0 150 0 120 0 150 0 180 0 150 0 180 0 180 0 165 0 105 0 165 0 135 0 150 0 150 0 120 0 135 0 150 0 180 0 135 0 120 0 180 0 120 0 165 0 150 0 150 0 120 0 180 0 165 0 120 0 120 0 120 0 120 45 180 0 60 0 90 0 75 0 60 0 60 0 75 0 60 0 90 0 75 0 90 0 90 0 90 0 60 0 60 0 75 0 75 0 90 0 75 0 90 0 90 0 90 0 75 0 75 0 60 0 90 0 60 0 60 0 75 0 90 30 300 30 315 0 135 0 180 0 150 0 165 0 165 0 120 0 30 0 90 0 60 0 90 0 90 0 90 0 90 0 75 0 75 0 90 0 90 0 90 0 75 0 75 
0 75 0 75 0 75 45 195 0 135 0 180 0 180 0 105 0 150 0 105 0 120 0 120 0 120 0 150 0 120 0 165 0 135 0 150 0 105 0 135 0 150 0 150 0 120 0 180 0 105 0 150 0 105 0 105 0 180 0 105 0 105 0 165 0 150 0 120 0 165 0 180 0 180 0 120 0 150 0 135 0 135 0 180 0 120 0 150 0 135 0 105 0 180 45 210 45 225 0 90 0 60 0 60 0 60 0 60 0 75 0 90 0 60 0 75 0 60 30 330 0 15 0 15 0 15 0 15 0 15 0 15 0 15 0 15 0 15 0 15 0 15 0 15 0 15 0 15 0 15 0 15 30 345 30 360 30 375 0 120 0 150 0 150 0 135 0 150 0 105 0 150 0 30 0 90 0 75 0 90 0 75 0 60 0 60 0 75 0 90 0 90 0 75 0 60 0 60 0 75 
0 60 0 60 0 90 45 240 0 120 0 105 0 150 0 105 0 120 0 180 0 165 0 180 0 105 0 180 0 135 0 105 0 135 0 105 0 150 0 180 0 165 0 150 0 165 0 135 0 180 0 105 0 180 0 180 0 120 0 165 0 135 0 105 0 165 0 165 0 180 0 180 0 135 0 120 0 150 0 150 0 105 0 135 0 135 0 165 45 255 45 270 45 285 45 225 0 75 0 60 0 60 0 90 0 60 0 60 0 75 30 390 30 405 30 420 30 435 45 0 0 105 0 135 0 180 0 105 0 120 0 150 0 150 0 105 0 135 0 120 0 120 0 150 0 150 0 150 0 105 0 150 0 180 0 120 0 165 0 120 0 180 0 105 0 120 0 135 0 105 0 165 0 30 0 90 0 60 0 60 0 60 0 75 0 60 0 60 0 75 0 75 0 90 0 90 0 75 0 75 
0 75 0 60 30 105 30 120 0 135 0 120 0 105 0 150 0 135 0 120 0 135 0 120 0 105 0 120 45 300 45 315 45 330 45 345 45 360 0 0 0 0 0 0 0 0 0 0 0 0 0 0 0 0 0 0 0 0 0 0 0 0 0 0 0 0 0 0 0 0 0 0 0 0 0 0 0 0 0 0 0 0 0 0 0 0 0 0 45 375 0 90 0 75 0 60 0 75 0 90 0 90 0 75 0 90 45 15 45 30 45 45 0 180 0 120 0 120 0 150 0 150 0 105 0 120 0 180 0 105 0 150 0 105 0 165 0 165 0 105 0 165 0 165 0 150 0 165 0 165 0 165 0 150 0 165 0 180 0 135 0 105 0 105 0 120 0 150 0 165 45 75 45 90 0 90 0 60 0 75 0 90 0 90 0 90 0 60 0 60 0 75 0 90 0 60 0 90 0 60 
0 90 0 60 0 45 0 165 0 120 0 105 0 135 0 150 0 135 0 105 0 120 0 105 0 150 45 390 45 405 0 75 0 75 0 90 0 60 0 90 0 60 0 60 0 60 0 75 0 60 0 60 0 75 0 60 0 60 0 60 0 60 0 75 0 60 0 75 0 75 0 90 0 90 0 60 0 90 0 90 0 60 0 90 0 90 0 75 0 60 0 75 0 75 0 75 0 60 0 75 0 75 0 75 45 60 45 45 0 135 0 180 0 135 0 105 0 180 0 180 0 150 0 135 0 135 0 165 0 165 0 105 0 180 0 180 0 135 0 150 0 135 0 135 0 135 0 120 0 165 0 105 0 105 0 165 0 180 0 120 0 150 0 135 0 150 0 180 0 120 45 135 0 60 0 75 0 60 0 60 0 60 0 60 0 75 0 60 0 90 0 60 0 75 0 60 0 60 0 75 
0 60 0 75 0 45 0 180 0 105 0 120 0 105 0 165 0 120 0 165 0 150 0 105 45 420 45 435 0 60 0 75 0 60 0 75 0 60 0 75 0 90 0 75 0 90 0 60 0 90 0 60 0 90 0 90 0 60 0 60 0 75 0 75 0 75 0 90 0 90 0 60 0 75 0 60 0 75 0 90 0 75 0 60 0 75 0 90 0 75 0 90 0 60 0 90 0 60 0 75 0 75 45 105 45 120 0 150 0 150 0 165 0 105 0 180 0 120 0 150 0 165 0 150 0 105 0 135 0 180 0 150 0 150 0 180 0 105 0 165 0 180 0 165 0 165 0 165 0 180 0 105 0 120 0 105 0 135 0 150 0 150 0 150 0 120 0 120 0 165 45 180 0 90 0 90 0 60 0 75 0 90 0 60 0 75 0 60 0 90 0 75 0 90 0 90 0 75 0 90 
0 90 0 75 0 45 0 165 0 165 0 180 0 105 0 150 0 150 0 135 0 120 0 180 60 0 0 90 0 75 0 60 0 75 0 60 0 90 0 75 0 90 0 60 0 75 0 90 0 60 0 90 0 90 0 60 0 60 0 90 0 90 0 60 0 90 0 90 0 75 0 60 0 75 0 75 0 75 0 75 0 75 0 75 0 60 0 75 0 75 0 90 0 75 0 60 0 90 0 75 45 150 45 165 0 135 0 150 0 165 0 105 0 105 0 150 0 150 0 105 0 105 0 120 0 150 0 165 0 165 0 180 0 120 0 105 0 180 0 150 0 120 0 165 0 180 0 150 0 150 0 120 0 165 0 180 0 105 0 165 0 105 0 120 0 105 0 105 45 210 45 225 0 90 0 90 0 60 0 90 0 60 0 75 0 60 0 75 0 90 0 60 0 60 0 90 0 90 0 90 
0 90 0 60 0 45 0 150 0 180 0 135 0 105 0 135 0 105 0 120 0 180 0 150 60 15 0 90 0 60 0 60 0 75 0 60 0 60 0 60 0 60 0 75 0 60 0 60 0 60 0 75 0 60 0 60 0 75 0 60 0 60 0 90 0 60 0 60 0 90 0 75 0 90 0 90 0 90 0 60 0 60 0 60 0 90 0 75 0 60 0 60 0 75 0 75 0 60 0 60 45 195 0 135 0 180 0 135 0 105 0 150 0 150 0 165 0 105 0 165 0 150 0 135 0 165 0 180 0 150 0 180 0 180 0 135 0 105 0 135 0 120 0 150 0 135 0 180 0 150 0 105 0 165 0 105 0 105 0 150 0 165 45 255 45 270 45 285 45 225 0 75 0 60 0 60 0 60 0 75 0 75 0 60 0 60 0 90 0 90 0 75 0 75 0 60 0 75 0 90 
0 60 0 75 0 45 0 120 0 165 0 165 0 105 0 120 0 180 0 150 0 135 0 150 0 30 0 75 0 90 0 75 0 90 0 60 0 90 0 60 0 90 0 75 0 90 0 60 0 90 0 90 0 90 0 90 0 60 0 90 0 60 0 90 0 75 0 75 0 90 0 60 0 90 0 60 0 75 0 60 0 60 0 90 0 60 0 75 0 75 0 90 0 90 0 75 0 75 0 60 45 240 0 180 0 150 0 120 0 165 0 165 0 150 0 120 45 300 45 315 45 330 45 345 45 360 0 0 0 0 0 0 0 0 0 0 0 0 0 0 0 0 0 0 0 0 0 0 0 0 0 0 0 0 0 0 0 0 0 0 0 0 45 375 0 75 0 90 0 90 0 60 0 60 0 60 0 90 0 90 0 90 0 60 0 90 0 60 0 90 0 60 0 75 0 90 0 75 0 60 
0 75 0 60 0 45 0 135 0 105 0 180 0 180 0 180 0 105 0 165 0 120 0 165 0 30 0 90 0 60 0 75 0 90 0 90 0 90 0 60 0 90 0 90 0 60 0 90 0 60 0 90 0 60 0 60 0 90 0 75 0 90 0 75 0 75 0 60 0 60 0 75 0 60 0 90 0 90 0 60 0 75 0 60 0 75 0 90 0 60 0 90 0 75 0 60 0 75 30 105 30 120 0 165 0 150 0 180 0 120 0 120 0 165 45 390 45 405 0 75 0 60 0 75 0 75 0 75 0 60 0 75 0 90 0 90 0 75 0 60 0 90 0 90 0 60 0 75 0 90 0 90 0 90 0 75 0 90 0 60 0 60 0 75 0 75 0 60 0 90 0 90 0 60 0 75 0 75 0 75 0 90 0 90 0 75 0 90 0 60 0 90 0 60 0 75 0 60 0 90 
0 90 0 90 0 45 0 135 0 180 0 120 0 180 0 120 0 150 0 165 0 120 0 165 0 30 0 90 0 60 0 90 0 60 0 60 0 60 0 60 0 75 0 75 0 75 0 75 0 60 0 60 0 60 0 90 0 60 0 90 0 75 0 75 0 90 0 60 0 60 0 75 0 75 0 75 0 60 0 60 0 90 0 90 0 75 0 90 0 90 0 90 0 90 0 90 0 90 0 45 0 180 0 105 0 120 0 105 0 135 0 105 45 420 45 435 0 90 0 60 0 75 0 75 0 75 0 60 0 90 0 90 0 90 0 90 0 60 0 75 0 60 0 75 0 90 0 75 0 75 0 75 0 60 0 60 0 75 0 75 0 75 0 75 0 60 0 60 0 75 0 60 0 90 0 75 0 60 0 75 0 90 0 75 0 60 0 60 0 90 0 60 0 60 0 90 0 90 0 60 
0 60 0 75 0 45 0 180 0 105 0 105 0 165 0 180 0 120 0 150 0 180 0 180 0 30 0 75 0 60 0 75 0 75 0 60 0 75 0 75 0 75 0 90 0 90 0 75 0 60 0 60 0 90 0 60 0 60 0 90 0 75 0 75 0 60 0 75 0 90 0 60 0 90 0 60 0 75 0 90 0 90 0 75 0 75 0 60 0 90 0 90 0 75 0 90 0 90 0 45 0 150 0 150 0 120 0 105 0 120 0 135 60 0 0 75 0 90 0 75 0 90 0 60 0 75 0 60 0 75 0 90 0 90 0 75 0 90 0 90 0 75 0 75 0 90 0 60 0 60 0 75 0 60 0 75 0 60 0 90 0 60 0 60 0 60 0 75 0 90 0 60 0 60 0 90 0 90 0 60 0 75 0 90 0 60 0 60 0 60 0 90 0 60 0 90 0 60 0 60 
0 90 0 75 0 45 0 180 0 165 0 135 0 135 0 180 0 165 0 105 0 165 0 165 0 30 0 75 0 90 0 90 0 75 0 75 0 60 0 90 0 60 0 60 0 90 0 60 0 90 0 60 0 60 0 60 0 90 0 75 0 75 0 90 0 75 0 60 0 75 0 60 0 60 0 75 0 75 0 60 0 90 0 90 0 75 0 75 0 75 0 60 0 75 0 60 0 90 0 45 0 180 0 135 0 105 0 135 0 150 0 150 60 15 0 60 0 60 0 75 0 60 0 75 0 60 0 75 0 75 0 90 0 60 0 60 0 75 0 60 0 75 0 90 0 75 0 75 0 75 0 60 0 90 0 60 0 75 0 75 0 60 0 75 0 75 0 75 0 60 0 75 0 75 0 75 0 75 0 75 0 60 0 60 0 60 0 75 0 90 0 90 0 60 0 90 0 90 0 75 
0 60 0 75 0 45 0 120 0 150 0 105 0 150 0 150 0 150 0 120 0 135 0 135 0 30 0 60 0 90 0 60 0 75 0 90 0 90 0 90 0 75 0 75 0 75 0 75 0 75 0 90 0 60 0 90 0 75 0 90 0 90 0 75 0 75 0 60 0 90 0 75 0 60 0 60 0 90 0 75 0 60 0 60 0 75 0 60 0 60 0 60 0 75 0 75 0 60 0 45 0 165 0 150 0 180 0 105 0 150 0 165 0 30 0 90 0 90 0 60 0 90 0 75 0 90 0 90 0 60 0 75 0 60 0 60 0 90 0 60 0 60 0 75 0 90 0 60 0 90 0 75 0 75 0 60 0 90 0 60 0 90 0 60 0 90 0 60 0 60 0 60 0 60 0 90 0 75 0 60 0 90 0 60 0 90 0 90 0 90 0 90 0 75 0 90 0 90 0 75 
0 60 0 90 0 45 0 105 0 105 0 165 0 135 0 135 0 105 0 120 0 135 0 105 0 30 0 75 0 90 0 75 0 75 0 60 0 75 0 60 0 60 0 90 0 75 0 60 0 60 0 75 0 90 0 60 0 60 0 75 0 75 0 75 0 90 0 75 0 75 0 60 0 90 0 90 0 60 0 90 0 60 0 75 0 75 0 75 0 90 0 60 0 60 0 90 0 75 0 45 0 180 0 105 0 165 0 180 0 120 0 165 0 30 0 60 0 90 0 75 0 75 0 75 0 60 0 60 0 90 0 60 0 75 0 75 0 75 0 75 0 90 0 90 0 60 0 60 0 75 0 75 0 90 0 75 0 60 0 60 0 75 0 75 0 60 0 75 0 75 0 90 0 90 0 60 0 60 0 60 0 60 0 90 0 75 0 60 0 90 0 75 0 75 0 75 0 90 0 60 
0 75 0 90 0 45 0 135 0 165 0 135 0 120 0 120 0 135 0 150 0 165 0 180 0 30 0 75 0 60 0 90 0 90 0 75 0 90 0 60 0 60 0 60 0 60 0 60 0 90 0 90 0 75 0 90 0 75 0 90 0 90 0 75 0 60 0 60 0 75 0 60 0 75 0 60 0 90 0 90 0 90 0 90 0 75 0 90 0 75 0 90 0 75 0 75 0 75 0 45 0 180 0 180 0 120 0 180 0 180 0 165 0 30 0 60 0 90 0 60 0 90 0 60 0 60 0 90 0 90 0 60 0 90 0 60 0 75 0 90 0 75 0 75 0 90 0 75 0 60 0 75 0 60 0 75 0 75 0 60 0 75 0 90 0 90 0 60 0 75 0 75 0 75 0 60 0 75 0 60 0 75 0 90 0 90 0 90 0 75 0 75 0 60 0 90 0 90 0 90 
0 90 0 60 0 45 0 105 0 165 0 165 0 165 0 105 0 105 0 150 0 165 0 165 0 30 0 90 0 90 0 60 0 60 0 75 0 90 0 90 0 90 0 90 0 90 0 60 0 75 0 75 0 60 0 60 0 60 0 90 0 60 0 90 0 75 0 90 0 60 0 60 0 75 0 90 0 90 0 75 0 60 0 60 0 75 0 75 0 60 0 60 0 90 0 75 0 75 0 45 0 180 0 150 0 105 0 180 0 105 0 180 0 30 0 60 0 90 0 60 0 75 0 60 0 90 0 90 0 60 0 90 0 75 0 75 0 60 0 60 0 75 0 90 0 90 0 90 0 60 0 75 0 75 0 75 0 90 0 75 0 90 0 75 0 75 0 60 0 90 0 60 0 75 0 75 0 75 0 75 0 60 0 90 0 90 0 60 0 90 0 90 0 90 0 75 0 75 0 60 
0 75 0 60 0 45 0 135 0 120 0 105 0 165 0 135 0 135 0 135 0 135 0 105 0 30 0 60 0 60 0 90 0 75 0 60 0 90 0 60 0 90 0 75 0 90 0 90 0 90 0 90 0 60 0 75 0 90 0 60 0 90 0 75 0 75 0 90 0 90 0 75 0 75 0 60 0 60 0 90 0 90 0 60 0 75 0 75 0 75 0 90 0 60 0 90 0 90 0 45 0 165 0 150 0 120 0 135 0 135 0 135 0 30 0 90 0 75 0 60 0 75 0 75 0 75 0 75 0 60 0 90 0 60 0 90 0 90 0 60 0 60 0 90 0 90 0 90 0 60 0 60 0 60 0 90 0 90 0 90 0 90 0 90 0 75 0 60 0 90 0 60 0 90 0 75 0 75 0 90 0 90 0 90 0 75 0 60 0 60 0 75 0 75 0 90 0 75 0 60 
0 60 0 75 0 45 0 150 0 135 0 165 0 180 0 135 0 135 0 165 0 150 0 135 0 30 0 75 0 90 0 60 0 75 0 90 0 75 0 75 0 60 0 90 0 75 0 90 0 75 0 90 0 75 0 60 0 60 0 90 0 60 0 90 0 90 0 60 0 75 0 60 0 90 0 90 0 60 0 90 0 90 0 60 0 60 0 75 0 75 0 75 0 75 0 60 0 60 0 45 0 165 0 135 0 180 0 105 0 150 0 180 0 30 0 60 0 90 0 60 0 75 0 60 0 90 0 90 0 60 0 90 0 90 0 75 0 60 0 90 0 60 0 75 0 90 0 60 0 75 0 60 0 90 0 60 0 90 0 90 0 60 0 90 0 60 0 60 0 75 0 75 0 60 0 75 0 90 0 60 0 75 0 75 0 75 0 75 0 60 0 90 0 60 0 90 0 60 0 75 
0 90 0 75 0 45 0 105 0 150 0 180 0 180 0 105 0 180 0 135 0 135 0 135 0 30 0 60 0 90 0 60 0 60 0 75 0 75 0 75 0 60 0 90 0 90 0 90 0 60 0 75 0 60 0 75 0 60 0 90 0 75 0 60 0 75 0 90 0 60 0 90 0 90 0 90 0 90 0 60 0 90 0 90 0 60 0 75 0 60 0 90 0 75 0 75 0 75 0 45 0 120 0 105 0 135 0 150 0 105 60 30 60 45 0 90 0 60 0 90 0 60 0 90 0 90 0 60 0 75 0 75 0 90 0 75 0 75 0 90 0 60 0 75 0 75 0 60 0 75 0 90 0 75 0 90 0 90 0 75 0 75 0 60 0 60 0 60 0 75 0 90 0 60 0 90 0 90 0 75 0 90 0 60 0 75 0 75 0 60 0 60 0 60 0 60 0 75 0 90 
0 60 0 75 0 45 0 120 0 135 0 135 0 180 0 165 0 165 0 135 0 165 0 180 0 30 0 75 0 60 0 90 0 75 0 75 0 60 0 90 0 75 0 90 0 75 0 60 0 60 0 60 0 60 0 90 0 60 0 60 0 90 0 75 0 75 0 60 0 60 0 90 0 75 0 60 0 90 0 90 0 75 0 90 0 90 0 60 0 75 0 90 0 75 0 60 0 75 0 45 0 135 0 150 0 150 0 120 0 165 0 120 0 390 0 60 0 75 0 75 0 90 0 90 0 60 0 75 0 75 0 75 0 60 0 75 0 60 0 75 0 90 0 60 0 75 0 75 0 90 0 60 0 75 0 75 0 90 0 60 0 90 0 75 0 90 0 90 0 90 0 90 0 75 0 60 0 90 0 90 0 90 0 90 0 75 0 60 0 75 0 90 0 75 0 75 0 75 0 90 
0 90 0 75 0 45 0 135 0 120 0 135 0 180 0 180 0 165 0 120 0 150 0 180 0 30 0 60 0 90 0 90 0 60 0 75 0 75 0 75 0 90 0 75 0 60 0 75 0 60 0 90 0 90 0 90 0 90 0 60 0 75 0 75 0 90 0 90 0 90 0 90 0 75 0 75 0 90 0 60 0 90 0 75 0 60 0 90 0 75 0 90 0 90 0 75 0 75 30 105 30 120 0 105 0 105 0 120 0 150 0 105 0 375 0 420 0 60 0 75 0 60 0 60 0 60 0 60 0 60 0 60 0 75 0 75 0 90 0 60 0 60 0 60 0 90 0 60 0 60 0 90 0 75 0 90 0 90 0 60 0 75 0 75 0 90 0 75 0 90 0 90 0 90 0 90 0 60 0 90 0 75 0 60 0 60 0 90 0 60 0 75 0 90 0 90 0 60 0 90 
0 90 0 60 0 45 0 180 0 135 0 165 0 165 0 180 0 150 0 105 0 120 0 120 0 30 0 90 0 90 0 60 0 60 0 75 0 75 0 60 0 90 0 75 0 75 0 75 0 60 0 75 0 60 0 75 0 60 0 75 0 75 0 60 0 60 0 60 0 90 0 60 0 60 0 60 0 90 0 90 0 75 0 90 0 75 0 90 0 90 0 60 0 75 0 60 0 90 0 60 15 210 15 135 0 165 0 135 0 165 0 180 0 105 0 375 0 390 0 75 0 75 0 75 0 60 0 75 0 60 0 75 0 60 0 60 0 90 0 90 0 75 0 60 0 60 0 60 0 60 0 75 0 60 0 75 0 90 0 60 0 90 0 75 0 75 0 90 0 75 0 90 0 75 0 60 0 90 0 60 0 90 0 75 0 75 0 60 0 60 0 90 0 90 0 60 0 90 0 90 
0 90 0 90 0 45 0 120 0 180 0 150 0 120 0 135 0 165 0 120 0 120 0 135 0 30 0 60 0 60 0 60 0 60 0 75 0 60 0 90 0 75 0 90 0 60 0 75 0 75 0 75 0 90 0 90 0 75 0 90 0 90 0 60 0 90 0 90 0 60 0 75 0 90 0 75 0 90 0 75 0 60 0 60 0 60 0 90 0 90 0 60 0 60 0 90 0 75 0 60 0 90 15 285 15 135 0 165 0 165 0 180 0 105 0 135 0 375 0 420 0 75 0 60 0 75 0 90 0 90 0 90 0 75 0 90 0 90 0 75 0 60 0 75 0 60 0 75 0 75 0 60 0 90 0 75 0 60 0 75 0 90 0 60 0 90 0 75 0 75 0 75 0 60 0 90 0 75 0 75 0 90 0 90 0 75 0 90 0 90 0 75 0 75 0 60 0 90 0 60 
0 90 0 60 0 45 0 165 0 150 0 165 0 105 0 150 0 135 0 135 0 120 0 165 0 30 0 90 0 90 0 60 0 75 0 60 0 90 0 90 0 60 0 75 0 60 0 75 0 75 0 75 0 60 0 75 0 60 0 75 0 90 0 90 0 75 0 90 0 60 0 60 0 90 0 90 0 75 0 60 0 75 0 75 0 90 0 75 0 60 0 90 0 75 0 90 0 60 0 75 0 75 0 75 15 285 15 135 0 105 0 165 0 135 0 135 0 105 0 375 0 420 0 90 0 60 0 75 0 75 0 60 0 75 0 90 0 60 0 75 0 60 0 90 0 90 0 90 0 60 0 75 0 60 0 60 0 90 0 75 0 90 0 90 0 75 0 60 0 75 0 90 0 75 0 90 0 90 0 75 0 90 0 90 0 75 0 90 0 75 0 90 0 60 0 60 0 90 0 60 
0 75 0 75 0 45 0 105 0 120 0 150 0 165 0 150 0 135 0 120 0 180 0 150 0 30 0 75 0 90 0 90 0 75 0 75 0 60 0 75 0 75 0 90 0 60 0 60 0 90 0 60 0 60 0 75 0 60 0 75 0 75 0 60 0 90 0 60 0 75 0 60 0 90 0 90 0 90 0 60 0 75 0 75 0 90 0 60 0 60 0 60 0 90 0 75 0 75 0 60 0 60 0 90 0 60 15 210 15 135 0 180 0 150 0 150 0 180 0 150 0 375 0 390 0 90 0 90 0 90 0 75 0 90 0 60 0 90 0 75 0 75 0 90 0 90 0 60 0 90 0 60 0 75 0 60 0 60 0 75 0 60 0 75 0 60 0 90 0 75 0 90 0 90 0 60 0 75 0 90 0 60 0 60 0 60 0 60 0 90 0 75 0 90 0 60 0 75 0 75 
0 90 0 60 0 45 0 180 0 120 0 150 0 120 0 150 0 180 0 135 0 105 0 165 0 30 0 60 0 90 0 90 0 90 0 75 0 75 0 90 0 75 0 60 0 90 0 90 0 60 0 60 0 60 0 75 0 90 0 90 0 90 0 75 0 75 0 90 0 75 0 60 0 90 0 75 0 60 0 90 0 75 0 60 0 60 0 90 0 75 0 60 0 75 0 60 0 90 0 75 0 75 0 75 0 75 0 60 15 210 15 135 0 165 0 105 0 120 0 120 0 120 0 375 0 420 0 60 0 75 0 75 0 75 0 90 0 60 0 90 0 75 0 90 0 75 0 90 0 90 0 90 0 90 0 60 0 90 0 60 0 60 0 75 0 90 0 90 0 60 0 60 0 60 0 75 0 75 0 90 0 75 0 60 0 60 0 60 0 75 0 75 0 75 0 60 0 75 0 60 
0 60 0 60 0 45 0 105 0 150 0 135 0 150 0 135 0 180 0 105 0 135 0 105 0 30 0 60 0 75 0 90 0 60 0 90 0 60 0 75 0 60 0 90 0 60 0 60 0 60 0 75 0 60 0 75 0 60 0 60 0 90 0 75 0 60 0 75 0 60 0 60 0 75 0 60 0 60 0 60 0 60 0 60 0 60 0 75 0 75 0 90 0 75 0 90 0 75 0 60 0 60 0 60 0 60 0 75 0 60 15 285 15 135 0 105 0 180 0 165 0 180 0 180 0 375 0 390 0 75 0 90 0 90 0 90 0 60 0 60 0 60 0 75 0 60 0 75 0 90 0 75 0 90 0 75 0 60 0 75 0 75 0 90 0 90 0 75 0 90 0 60 0 75 0 90 0 90 0 90 0 60 0 90 0 60 0 60 0 60 0 60 0 90 0 60 0 90 0 60 
0 60 0 90 0 45 0 165 0 165 0 120 0 165 0 135 0 165 0 135 0 150 0 150 0 30 0 75 0 60 0 90 0 90 0 90 0 60 0 75 0 60 0 60 0 60 0 60 0 60 0 75 0 60 0 60 0 75 0 90 0 60 0 90 0 90 0 60 0 90 0 75 0 90 0 75 0 60 0 90 0 90 0 60 0 75 0 75 0 75 0 75 0 75 0 75 0 60 0 90 0 60 0 75 0 90 0 60 0 90 0 75 15 285 15 135 0 150 0 135 0 165 0 135 0 105 0 375 0 420 0 90 0 75 0 60 0 60 0 75 0 90 0 60 0 90 0 60 0 75 0 60 0 60 0 90 0 90 0 60 0 60 0 60 0 75 0 75 0 75 0 90 0 60 0 75 0 60 0 60 0 90 0 75 0 90 0 75 0 75 0 60 0 75 0 60 0 75 0 90 
0 75 0 60 0 45 0 150 0 180 0 165 0 135 0 150 0 120 0 180 0 135 0 120 0 30 0 60 0 60 0 75 0 75 0 75 0 75 0 90 0 60 0 75 0 60 0 90 0 60 0 60 0 75 0 90 0 75 0 90 0 90 0 90 0 90 0 90 0 60 0 60 0 90 0 75 0 60 0 60 0 75 0 90 0 90 0 90 0 90 0 60 0 60 0 75 0 60 0 90 0 90 0 75 0 75 0 90 0 75 0 90 0 60 15 210 15 135 0 105 0 135 0 135 0 105 0 120 0 375 0 420 0 75 0 60 0 75 0 60 0 60 0 60 0 75 0 75 0 60 0 90 0 60 0 60 0 60 0 90 0 90 0 75 0 75 0 90 0 75 0 60 0 75 0 60 0 60 0 90 0 60 0 75 0 60 0 90 0 60 0 75 0 75 0 90 0 75 0 75 
0 90 0 60 0 45 0 165 0 135 0 120 0 150 0 180 0 105 0 120 0 180 0 150 60 60 0 60 0 90 0 90 0 60 0 60 0 60 0 90 0 75 0 75 0 90 0 75 0 90 0 90 0 75 0 60 0 75 0 60 0 90 0 75 0 75 0 60 0 90 0 75 0 90 0 75 0 75 0 90 0 75 0 60 0 60 0 90 0 90 0 90 0 75 0 90 0 60 0 90 0 90 0 90 0 75 0 90 0 75 0 60 0 90 0 90 15 210 15 135 0 105 0 120 0 150 0 150 0 150 0 375 0 390 0 90 0 60 0 90 0 60 0 60 0 60 0 90 0 60 0 90 0 90 0 60 0 90 0 75 0 60 0 75 0 90 0 75 0 60 0 90 0 60 0 90 0 75 0 75 0 90 0 75 0 75 0 60 0 60 0 75 0 75 0 60 0 75 0 90 
0 90 0 75 0 45 0 150 0 105 0 105 0 120 0 135 0 120 0 180 0 120 0 135 60 75 0 90 0 90 0 75 0 75 0 75 0 75 0 75 0 75 0 60 0 60 0 75 0 90 0 90 0 90 0 90 0 60 0 75 0 60 0 60 0 75 0 90 0 75 0 75 0 90 0 60 0 60 0 90 0 75 0 90 0 75 0 75 0 90 0 90 0 75 0 60 0 75 0 90 0 90 0 90 0 60 0 60 0 75 0 60 0 90 0 75 0 90 15 285 15 135 0 105 0 135 0 150 0 105 0 165 0 375 0 420 0 60 0 60 0 60 0 60 0 60 0 60 0 75 0 75 0 90 0 60 0 60 0 90 0 90 0 75 0 90 0 75 0 75 0 90 0 90 0 90 0 90 0 60 0 90 0 90 0 90 0 90 0 60 0 60 0 60 0 75 0 75 0 75 
0 75 0 90 0 45 0 180 0 120 0 180 0 105 0 105 0 105 0 180 0 120 0 180 60 90 60 105 60 120 0 15 0 15 0 15 0 15 0 15 0 15 0 15 0 15 0 15 0 15 0 15 0 15 0 15 0 15 60 135 60 150 0 75 0 60 0 60 0 75 0 75 0 60 0 60 0 75 0 75 0 75 0 60 0 60 0 75 0 60 0 75 0 75 0 75 0 60 0 60 0 90 0 90 0 90 0 75 0 90 0 60 0 60 0 90 0 75 0 90 15 285 15 135 0 120 0 120 0 165 0 105 0 165 0 375 0 390 0 90 0 90 0 60 0 60 0 75 0 75 0 90 0 90 0 90 0 75 0 90 0 75 0 60 0 60 0 90 0 60 0 60 0 90 0 75 0 90 0 75 0 90 0 90 0 90 0 60 0 75 0 60 0 90 0 90 0 60 0 75 
0 60 0 75 0 45 0 135 0 105 0 180 0 150 0 105 0 120 0 135 0 165 0 135 0 120 0 135 0 150 0 120 0 120 0 120 0 165 0 105 0 105 0 135 0 180 0 150 0 120 0 105 0 180 0 105 0 135 60 165 60 180 60 195 60 210 0 90 0 75 0 75 0 90 0 90 0 60 0 75 0 75 0 75 0 75 0 75 0 90 0 75 0 60 0 60 0 75 0 75 0 60 0 90 0 90 0 75 0 90 0 60 0 75 0 90 0 75 0 60 0 90 15 210 15 135 0 105 0 165 0 150 0 105 0 135 0 375 0 420 0 90 0 90 0 60 0 75 0 75 0 90 0 90 0 75 0 60 0 90 0 60 0 75 0 60 0 75 0 75 0 60 0 75 0 75 0 90 0 75 0 90 0 60 0 75 0 75 0 75 0 75 0 90 0 90 0 90 0 90 
0 60 0 90 0 45 0 180 0 120 0 120 0 180 0 150 0 150 0 105 0 135 0 150 0 150 0 165 0 120 0 135 0 135 0 180 0 150 0 120 0 180 0 105 0 165 0 180 0 120 0 135 0 135 0 105 0 180 0 135 0 150 0 135 60 225 0 60 0 60 0 90 0 75 0 75 0 90 0 90 0 90 0 90 0 90 0 60 0 60 0 60 0 90 0 90 0 75 0 75 0 75 0 90 0 75 0 75 0 75 0 75 0 60 0 60 0 75 0 75 0 60 0 60 15 210 15 135 0 165 0 135 0 165 0 135 0 135 0 375 0 390 0 60 0 60 0 90 0 90 0 75 0 75 0 90 0 75 0 90 0 60 0 75 0 60 0 75 0 60 0 75 0 75 0 90 0 60 0 90 0 75 0 60 0 60 0 90 0 90 0 75 0 60 0 90 0 90 0 90 
0 75 0 75 0 45 0 150 0 105 0 120 0 150 0 165 0 150 0 105 0 150 0 165 0 120 0 180 0 120 0 150 0 150 0 135 0 180 0 180 0 180 0 120 0 120 0 150 0 180 0 150 0 105 0 165 0 120 0 135 0 150 0 165 60 240 0 75 0 90 0 90 0 90 0 75 0 60 0 75 0 60 0 60 0 90 0 75 0 90 0 90 0 90 0 90 0 90 0 75 0 75 0 90 0 75 0 60 0 60 0 90 0 75 0 75 0 90 0 60 0 90 0 60 0 75 15 210 15 135 0 120 0 135 0 150 0 105 0 120 0 375 0 420 0 90 0 75 0 60 0 90 0 90 0 90 0 75 0 60 0 75 0 60 0 90 0 75 0 90 0 90 0 60 0 75 0 60 0 60 0 75 0 90 0 75 0 75 0 90 0 75 0 75 0 60 0 60 0 60 
0 75 0 90 60 255 0 135 0 120 0 150 0 135 0 120 0 105 0 150 0 135 0 150 0 180 0 150 0 120 0 120 0 135 0 165 0 165 0 165 0 120 0 180 0 135 0 120 0 120 0 105 0 165 0 150 0 135 0 180 0 120 0 150 60 270 60 285 0 75 0 60 0 60 0 90 0 75 0 60 0 75 0 90 0 75 0 75 0 60 0 75 0 75 0 90 0 90 0 75 0 60 0 60 0 60 0 75 0 60 0 90 0 60 0 60 0 60 0 90 0 60 0 60 0 75 0 75 15 285 15 135 0 165 0 135 0 135 0 135 0 135 0 375 0 390 0 75 0 60 0 75 0 75 0 90 0 60 0 75 0 60 0 75 0 60 0 60 0 60 0 60 0 75 0 75 0 90 0 90 0 60 0 75 0 90 0 75 0 60 0 60 0 90 0 90 0 60 0 60 
0 90 0 90 60 300 60 315 0 150 0 135 0 120 0 120 0 120 0 135 0 150 0 120 0 120 0 165 0 150 0 180 0 180 0 150 0 135 0 120 0 180 0 180 0 165 0 180 0 105 0 165 0 150 0 120 0 165 0 105 0 120 0 165 0 120 0 30 0 75 0 90 0 75 0 60 0 75 0 60 0 75 0 75 0 75 0 90 0 90 0 75 0 90 0 75 0 60 0 60 0 75 0 75 0 60 0 75 0 90 0 90 0 60 0 60 0 75 0 75 0 90 0 75 0 75 0 75 0 75 15 285 15 135 0 135 0 105 0 180 0 165 0 135 0 375 0 420 0 60 0 60 0 60 0 90 0 75 0 90 0 60 0 75 0 75 0 75 0 60 0 60 0 60 0 60 0 90 0 90 0 75 0 90 0 75 0 90 0 75 0 75 0 75 0 60 0 90 0 90 
0 60 0 75 60 330 60 345 0 150 0 135 0 150 0 165 0 135 0 165 0 150 0 165 0 120 0 165 0 150 0 150 0 120 0 150 0 165 0 165 0 150 0 150 0 120 0 180 0 105 0 180 0 165 0 150 0 105 0 120 0 105 0 120 0 165 0 30 0 75 0 90 0 90 0 60 0 60 0 75 0 75 0 75 0 90 0 90 0 60 0 90 0 60 0 75 0 60 0 60 0 90 0 90 0 90 0 75 0 60 0 75 0 90 0 75 0 75 0 90 0 75 0 60 0 60 0 60 0 90 0 90 15 210 15 135 0 180 0 135 0 120 0 150 0 165 0 375 0 420 0 60 0 90 0 60 0 90 0 60 0 90 0 60 0 75 0 60 0 75 0 90 0 90 0 75 0 75 0 75 0 60 0 60 0 90 0 90 0 60 0 75 0 90 0 75 0 90 0 75 
0 75 0 90 0 75 60 360 60 375 0 180 0 135 0 135 0 180 0 150 0 105 0 150 0 105 0 150 0 120 0 105 0 135 0 135 0 105 0 120 0 120 0 165 0 180 0 135 0 165 0 180 0 165 0 135 0 165 0 165 0 165 0 105 0 105 0 30 0 60 0 90 0 90 0 90 0 60 0 75 0 90 0 60 0 90 0 60 0 75 0 60 0 75 0 75 0 60 0 75 0 90 60 390 0 15 0 15 0 15 0 15 0 15 0 15 0 15 60 405 0 90 0 90 0 60 0 90 0 90 0 60 0 90 60 420 60 435 75 0 0 120 0 135 0 150 0 180 0 375 0 390 0 75 0 60 0 60 0 90 0 75 0 60 0 75 0 90 0 75 0 75 0 90 0 75 0 75 0 75 0 90 0 60 0 75 0 90 0 90 0 60 0 90 0 75 0 75 0 75 
0 90 0 90 0 75 0 60 75 15 75 30 75 45 75 60 75 75 0 165 0 180 0 165 0 150 0 120 0 135 0 180 0 135 0 180 0 135 0 120 0 120 0 105 0 120 0 150 0 105 0 105 0 135 0 150 0 120 0 135 0 180 0 135 0 180 0 30 0 90 0 75 0 75 0 90 0 60 0 60 0 90 0 90 0 75 0 75 0 75 0 90 0 60 0 75 0 90 0 60 75 90 75 105 0 150 0 120 0 180 0 135 0 105 0 135 0 105 75 120 75 135 75 150 75 165 0 60 0 60 0 75 0 90 0 60 0 90 75 180 75 195 0 135 0 105 0 165 0 165 0 105 75 210 0 75 0 75 0 75 0 75 0 75 0 90 0 60 0 60 0 75 0 75 0 90 0 60 0 60 0 60 0 75 0 90 0 90 0 90 0 90 0 60 0 60 0 60 0 90 
0 60 0 90 0 75 0 90 0 90 0 60 0 60 75 225 75 240 0 0 0 0 0 0 0 0 0 0 0 0 0 0 0 0 0 0 0 0 0 0 0 0 0 0 0 0 0 0 75 255 75 270 0 150 0 165 0 135 0 180 0 135 0 165 0 120 0 30 0 60 0 90 0 75 0 90 0 75 0 90 0 90 0 75 0 90 0 90 0 90 0 75 0 90 0 60 0 75 75 285 75 300 0 165 0 135 0 180 0 150 0 165 0 120 0 105 0 135 0 180 0 135 0 165 75 315 75 330 0 90 0 75 0 90 0 75 0 60 0 90 75 345 75 360 0 120 0 135 0 180 0 135 75 375 0 90 0 90 0 75 0 75 0 90 0 75 0 60 0 90 0 90 0 60 0 75 0 90 0 90 0 90 0 90 0 75 0 90 0 75 0 75 0 75 0 60 0 90 0 60 
0 90 0 60 0 90 0 90 0 75 0 75 0 90 0 75 0 60 0 75 0 60 0 90 0 75 0 90 0 75 0 75 0 90 0 75 0 60 0 75 0 60 0 90 0 75 0 90 0 75 75 390 75 405 0 150 0 180 0 165 0 120 0 120 0 135 0 30 0 75 0 90 0 75 0 60 0 75 0 75 0 60 0 90 0 75 0 60 0 60 0 90 0 90 0 90 75 420 75 300 0 150 0 120 0 135 0 180 0 120 0 180 0 135 0 105 0 105 0 180 0 135 0 120 0 165 75 435 0 60 0 90 0 60 0 75 0 75 0 90 0 90 90 0 0 105 0 105 0 150 0 105 90 15 90 30 0 60 0 60 0 75 0 60 0 60 0 60 0 75 0 75 0 90 0 60 0 60 0 60 0 90 0 60 0 60 0 60 0 60 0 60 0 75 0 90 0 75 0 90 
0 90 0 90 0 60 0 75 0 60 0 75 0 90 0 75 0 60 0 90 0 90 0 75 0 75 0 90 0 60 0 90 0 75 0 90 0 60 0 75 0 60 0 60 0 60 0 75 0 75 0 60 90 45 0 165 0 105 0 105 0 165 0 135 0 105 0 30 0 60 0 75 0 90 0 75 0 90 0 90 0 60 0 90 0 90 0 90 0 90 0 75 0 60 75 285 90 60 0 135 0 150 0 120 0 135 0 165 0 165 0 180 0 120 0 120 0 120 0 105 0 120 0 150 0 120 90 75 0 90 0 90 0 75 0 60 0 75 0 90 0 60 90 90 0 180 0 105 0 135 0 150 0 105 90 105 0 90 0 60 0 90 0 60 0 75 0 90 0 75 0 90 0 90 0 60 0 60 0 90 0 90 0 90 0 75 0 60 0 75 0 60 0 90 0 75 0 90 0 60 
0 75 0 60 0 60 0 75 0 60 0 75 0 75 0 75 0 75 0 75 0 75 0 90 0 90 0 60 0 90 0 75 0 60 0 90 0 90 0 75 0 90 0 90 0 75 0 60 0 60 0 60 0 45 0 150 0 180 0 165 0 120 0 135 0 105 0 30 0 75 0 60 0 90 0 90 0 75 0 75 0 75 0 75 0 60 0 60 0 75 0 60 75 285 75 300 0 120 0 165 0 165 0 135 0 165 0 165 0 105 0 150 0 165 0 180 0 165 0 120 0 135 0 105 0 105 90 120 0 75 0 75 0 60 0 90 0 90 0 75 90 135 90 150 0 120 0 150 0 150 0 120 0 120 90 165 0 90 0 75 0 75 0 75 0 90 0 90 0 60 0 60 0 75 0 75 0 90 0 60 0 90 0 75 0 90 0 75 0 90 0 60 0 75 0 60 0 90 0 60 
0 75 0 75 0 75 0 60 0 60 0 75 0 75 0 75 0 90 0 75 0 60 0 60 0 90 0 90 0 75 0 90 0 75 0 60 0 75 0 75 0 60 0 60 0 60 0 75 0 90 0 60 0 45 0 120 0 120 0 135 0 105 0 135 0 120 0 30 0 75 0 75 0 75 0 90 0 90 0 90 0 90 0 90 0 75 0 60 0 60 75 420 75 300 0 165 0 105 0 120 0 120 0 135 0 150 90 180 90 195 90 210 90 225 90 240 90 255 0 150 0 150 0 105 0 150 90 270 90 285 0 75 0 75 0 60 0 60 90 300 90 315 0 105 0 180 0 135 0 105 0 180 0 150 90 330 0 90 0 60 0 90 0 90 0 60 0 75 0 90 0 90 0 60 0 90 0 90 0 90 0 60 0 75 0 60 0 60 0 75 0 60 0 75 0 90 0 90 0 60 
0 90 0 60 0 60 0 90 0 60 0 90 0 60 0 90 0 60 0 60 0 60 0 90 0 60 0 60 0 90 0 90 0 90 0 90 0 60 0 90 0 90 0 60 0 75 0 60 0 75 0 60 0 45 0 180 0 105 0 180 0 165 0 120 0 135 0 30 0 90 0 60 0 90 0 60 0 60 0 60 0 90 0 75 0 60 0 60 75 285 90 60 0 150 0 120 0 150 0 135 0 120 0 165 90 180 90 345 0 90 0 75 0 60 0 90 90 360 0 150 0 165 0 150 0 135 0 165 90 375 90 390 90 405 90 420 90 435 105 0 0 135 0 105 0 120 0 165 0 120 0 165 105 15 105 30 0 60 0 75 0 75 0 60 0 90 0 90 0 75 0 75 0 90 0 90 0 75 0 75 0 60 0 90 0 60 0 75 0 90 0 90 0 90 0 90 0 90 0 60 
0 90 0 75 0 90 0 90 0 90 0 90 0 75 0 75 0 75 0 75 0 60 0 90 0 60 0 60 0 75 0 90 0 75 0 75 0 90 0 75 0 75 0 90 0 60 0 75 0 90 0 60 0 45 0 105 0 165 0 135 0 165 0 105 0 180 0 30 0 60 0 90 0 90 0 60 0 90 0 60 0 90 0 60 0 60 75 420 75 300 0 180 0 105 0 120 0 165 0 180 0 105 105 45 90 345 0 60 0 75 0 60 0 75 0 60 105 60 0 135 0 135 0 165 0 180 0 150 0 135 0 165 0 150 0 105 0 165 0 120 0 165 0 120 0 150 0 180 0 135 0 180 105 75 0 75 0 90 0 90 0 75 0 60 0 75 0 90 0 90 0 90 0 60 0 75 0 90 0 90 0 75 0 90 0 90 0 60 0 90 0 60 0 75 0 60 0 60 0 75 
0 90 0 90 0 60 0 75 0 75 0 60 0 60 0 60 0 75 0 60 0 60 0 75 0 75 0 90 0 60 0 75 0 75 0 75 0 75 0 60 0 90 0 60 0 90 0 75 0 90 0 75 0 45 0 165 0 105 0 135 0 135 0 180 0 180 60 60 0 60 0 75 0 75 0 75 0 75 0 75 0 90 0 75 75 285 90 60 0 135 0 150 0 180 0 165 0 105 0 150 90 180 105 90 0 75 0 75 0 60 0 90 0 75 0 90 105 105 105 120 0 105 0 120 0 150 0 180 0 120 0 180 0 180 0 120 0 180 0 150 0 120 0 150 0 165 0 180 0 165 105 135 105 150 0 60 0 75 0 75 0 75 0 90 0 90 0 60 0 60 0 90 0 75 0 75 0 75 0 75 0 75 0 60 0 60 0 60 0 90 0 75 0 90 0 75 0 75 0 60 
0 90 0 60 0 60 0 60 0 75 0 90 0 90 0 60 0 90 0 90 0 60 0 75 0 75 0 60 0 90 0 90 0 60 0 60 0 90 0 75 0 90 0 75 0 90 0 60 0 75 0 90 0 45 0 165 0 135 0 150 0 135 0 135 0 135 60 75 0 75 0 60 0 60 0 60 0 90 0 60 0 75 75 285 75 300 0 135 0 150 0 120 0 150 0 135 0 180 105 45 105 90 0 60 0 90 0 60 0 75 0 90 0 90 0 90 0 60 105 165 0 180 0 135 0 105 0 165 0 180 0 135 0 180 0 180 0 165 0 105 0 150 0 180 0 150 0 165 105 180 105 195 0 90 0 75 0 60 0 75 0 60 0 75 0 90 0 90 0 75 0 60 0 90 0 75 0 75 0 75 0 90 0 60 0 60 0 75 0 75 0 60 0 75 0 60 0 90 0 60 
0 90 0 75 0 60 0 75 0 60 0 75 0 90 0 90 0 75 0 90 0 60 0 75 0 90 0 60 0 60 0 75 0 75 0 60 0 75 0 75 0 90 0 60 0 90 0 90 0 75 0 60 0 45 0 180 0 150 0 105 0 180 0 120 0 120 60 90 60 105 60 120 0 15 0 15 0 15 0 15 75 420 90 60 0 150 0 135 0 180 0 165 0 120 0 180 90 180 90 345 0 60 0 90 0 90 0 90 0 75 0 90 0 90 0 90 0 60 105 210 105 225 105 240 0 135 0 105 0 165 0 105 0 105 0 135 0 180 0 180 0 135 0 150 0 150 105 255 105 270 0 90 0 75 0 90 0 60 0 90 0 75 0 60 0 90 0 90 0 90 0 90 0 60 0 90 0 90 0 60 0 60 0 75 0 60 0 90 0 90 0 90 0 60 0 90 0 90 0 75 
0 75 0 90 0 75 0 60 0 90 0 75 0 60 0 60 0 90 0 75 0 75 0 60 0 90 0 60 0 90 0 75 0 60 0 60 0 60 0 90 0 60 0 75 0 75 0 75 0 90 0 75 0 45 0 165 0 150 0 120 0 165 0 120 0 180 0 150 0 105 0 165 0 150 0 150 0 135 0 165 0 135 0 165 0 135 0 150 0 165 0 165 0 105 105 45 105 90 0 60 0 75 0 75 0 90 0 90 0 90 0 60 0 60 0 75 0 60 0 90 0 60 105 285 105 300 105 315 105 330 0 150 0 105 0 165 0 135 0 105 105 345 105 360 105 375 105 390 0 90 0 60 0 90 0 90 0 60 0 90 0 60 0 90 0 60 0 75 0 60 0 90 0 60 0 60 0 60 0 75 0 90 0 60 0 75 0 90 0 60 0 90 0 75 0 75 0 75 0 75 
0 90 0 90 0 60 0 90 0 60 0 90 0 90 0 60 0 90 0 90 0 90 0 75 0 90 0 90 0 60 0 90 0 60 0 60 0 90 0 75 0 90 0 90 0 75 0 75 0 90 0 75 60 255 0 150 0 150 0 150 0 180 0 105 0 150 0 165 0 165 0 150 0 180 0 165 0 135 0 135 0 120 0 120 0 120 0 180 0 105 0 180 105 45 90 345 0 90 0 60 0 90 0 60 0 90 0 60 0 60 0 90 0 90 0 75 0 90 0 60 0 90 0 60 0 90 0 75 105 405 0 0 0 0 0 0 0 0 0 0 105 420 105 435 0 75 0 60 0 75 0 90 0 60 0 60 0 75 0 60 0 60 0 60 0 75 0 75 0 60 0 90 0 75 0 75 0 90 0 75 0 75 0 90 0 90 0 90 0 60 0 75 0 60 0 90 0 60 0 60 
0 60 0 90 0 60 0 75 0 60 0 75 0 90 0 75 0 75 0 60 0 75 0 75 0 75 0 60 0 75 0 60 0 90 0 60 0 75 0 90 0 90 0 60 0 90 0 75 0 60 0 90 60 300 60 315 0 150 0 165 0 105 0 105 0 135 0 105 0 150 0 135 0 150 0 150 0 150 0 135 0 180 0 135 0 150 0 150 0 180 90 180 105 90 0 60 0 60 0 60 0 75 0 60 0 60 0 60 0 60 0 60 0 60 0 90 0 90 0 60 0 60 0 90 0 60 0 60 0 60 0 90 0 75 0 60 0 90 0 75 0 75 0 60 0 75 0 60 0 90 0 60 0 75 0 90 0 75 0 75 0 90 0 90 0 90 0 75 0 90 0 90 0 75 0 90 0 90 0 75 0 75 0 90 0 75 0 90 0 60 0 75 0 90 0 60 0 90 0 75 
0 90 0 75 0 90 0 90 0 90 0 90 0 90 0 60 0 90 0 75 0 90 0 90 0 60 0 75 0 75 0 90 0 60 0 75 0 90 0 75 0 90 0 75 0 75 0 75 0 60 0 90 60 330 60 345 0 150 0 135 0 105 0 120 0 120 0 135 0 180 0 165 0 165 0 135 0 165 0 150 0 180 0 120 0 135 0 105 105 45 120 0 0 60 0 90 0 75 0 60 0 90 0 60 0 75 0 60 0 75 0 60 0 90 0 90 0 90 0 60 0 90 0 75 0 60 0 90 0 90 0 60 0 60 0 90 0 75 0 75 0 90 0 60 0 60 0 60 0 75 0 90 0 60 0 60 0 90 0 75 0 60 0 90 0 90 0 75 0 90 0 75 0 90 0 60 0 90 0 60 0 60 0 90 0 90 0 75 0 60 0 90 0 90 0 60 0 75 0 90 
0 75 0 90 0 60 0 75 0 90 0 90 0 90 0 90 0 60 0 90 0 75 0 75 0 75 0 90 0 60 0 90 0 60 0 90 0 90 0 60 0 60 0 60 0 60 0 90 0 90 0 60 0 90 60 360 60 375 0 105 0 150 0 120 0 180 0 135 0 165 0 180 0 180 0 105 0 135 0 120 0 150 0 150 0 105 105 45 105 90 0 75 0 75 0 90 0 75 0 75 0 90 0 60 0 90 0 75 0 60 0 60 0 90 0 60 0 75 0 60 0 75 0 60 0 60 0 75 0 90 0 90 0 90 0 60 0 90 0 75 0 60 0 60 0 90 0 60 0 60 0 60 0 60 0 60 0 90 0 90 0 75 0 60 0 90 0 75 0 75 0 60 0 90 0 90 0 60 0 60 0 90 0 90 0 60 0 90 0 75 0 75 0 90 0 60 0 75 0 75 
0 90 0 60 0 90 0 90 0 75 0 60 0 90 0 75 0 60 0 60 0 90 0 90 0 60 0 75 0 75 0 90 0 75 0 75 0 75 0 60 0 90 0 75 0 60 0 60 0 60 0 90 0 75 0 60 75 15 75 30 75 45 75 60 75 75 0 165 0 150 0 105 0 150 0 150 0 135 0 105 0 120 0 180 0 150 105 90 0 75 0 60 0 60 0 60 0 60 0 75 0 90 0 90 0 75 0 75 0 60 0 60 0 90 0 90 0 60 0 60 0 90 0 75 0 90 0 90 0 90 0 60 0 90 0 90 0 90 0 60 0 75 0 60 0 90 0 90 0 60 0 75 0 90 0 75 0 90 0 60 0 90 0 90 0 90 0 75 0 75 0 60 0 60 0 60 0 60 0 60 0 75 0 75 0 75 0 60 0 60 0 60 0 90 0 60 0 60 0 90 
0 60 0 90 0 90 0 60 0 75 0 90 0 90 0 75 0 75 0 75 0 90 0 90 0 60 0 90 0 75 0 90 0 75 0 75 0 60 0 75 0 90 0 75 0 60 0 75 0 90 0 60 0 90 0 90 0 75 0 60 0 75 75 225 75 240 0 0 0 0 0 0 0 0 0 0 0 0 0 0 0 0 0 0 0 0 0 90 0 60 0 60 0 60 0 90 0 60 0 60 0 60 0 90 0 75 0 60 0 90 0 60 0 60 0 60 0 90 0 75 0 90 0 60 0 60 0 90 0 90 0 75 0 60 0 90 0 90 0 75 0 75 0 90 0 90 0 60 0 75 0 90 0 75 0 90 0 75 0 90 0 90 0 90 0 90 0 75 0 60 0 75 0 90 0 60 0 90 0 90 0 90 0 90 0 60 0 60 0 90 0 60 0 90 0 90 0 90 0 60 
0 75 0 75 0 90 0 60 0 90 0 60 0 90 0 75 0 60 0 75 0 75 0 90 0 75 0 60 0 75 0 90 0 90 0 75 0 60 0 75 0 75 0 90 0 75 0 75 0 60 0 75 0 75 0 60 0 60 0 75 0 60 0 60 0 60 0 90 0 60 0 90 0 60 0 75 0 75 0 75 0 90 0 90 0 90 0 75 0 90 0 75 0 60 0 90 0 60 0 60 0 90 0 75 0 60 0 75 0 90 0 75 0 90 0 90 0 90 0 60 0 75 0 90 0 60 0 90 0 90 0 75 0 75 0 90 0 60 0 75 0 75 0 90 0 60 0 75 0 90 0 75 0 90 0 60 0 60 0 90 0 90 0 90 0 60 0 90 0 75 0 75 0 75 0 60 0 60 0 60 0 75 0 75 0 60 0 90 0 75 0 90 0 60 0 60 0 60 0 60 
0 75 0 90 0 75 0 90 0 60 0 75 0 60 0 90 0 75 0 75 0 60 0 75 0 90 0 75 0 75 0 60 0 90 0 60 0 90 0 60 0 90 0 60 0 90 0 60 0 90 0 60 0 60 0 75 0 75 0 75 0 90 0 90 0 60 0 75 0 90 0 75 0 60 0 90 0 75 0 90 0 90 0 75 0 60 0 75 0 60 0 90 0 90 0 60 0 75 0 75 0 75 0 75 0 90 0 75 0 75 0 60 0 90 0 90 0 90 0 60 0 60 0 90 0 60 0 75 0 75 0 60 0 90 0 75 0 60 0 75 0 75 0 90 0 60 0 60 0 75 0 60 0 60 0 90 0 90 0 90 0 60 0 75 0 60 0 75 0 90 0 60 0 75 0 75 0 60 0 60 0 90 0 90 0 60 0 75 0 60 0 75 0 75 0 75 0 75 0 75 
0 90 0 60 0 90 0 60 0 75 0 75 0 90 0 60 0 60 0 75 0 90 0 90 0 90 0 75 0 60 0 75 0 75 0 90 0 75 0 90 0 60 0 75 0 75 0 60 0 90 0 90 0 60 0 60 0 60 0 75 0 60 0 60 0 90 0 60 0 75 0 75 0 75 0 60 0 75 0 90 0 75 0 75 0 90 0 75 0 90 0 90 0 75 0 75 0 75 0 60 0 75 0 90 0 75 0 90 0 90 0 75 0 90 0 90 0 90 0 60 0 75 0 90 0 75 0 75 0 60 0 60 0 60 0 90 0 75 0 90 0 90 0 75 0 60 0 75 0 90 0 75 0 75 0 75 0 60 0 60 0 75 0 90 0 90 0 60 0 60 0 90 0 90 0 90 0 90 0 75 0 75 0 75 0 75 0 90 0 60 0 75 0 60 0 60 0 75 0 90 
0 60 0 60 0 75 0 90 0 90 0 60 0 60 0 60 0 60 0 75 0 60 0 75 0 75 0 60 0 90 0 75 0 60 0 75 0 60 0 60 0 60 0 90 0 75 0 90 0 60 0 60 0 75 0 60 0 60 0 60 0 60 0 90 0 75 0 90 0 75 0 90 0 60 0 75 0 90 0 75 0 90 0 75 0 90 0 75 0 90 0 60 0 90 0 90 0 75 0 75 0 60 0 90 0 60 0 60 0 75 0 60 0 60 0 60 0 90 0 75 0 75 0 60 0 60 0 60 0 60 0 75 0 90 0 75 0 60 0 60 0 90 0 75 0 90 0 90 0 90 0 90 0 90 0 90 0 60 0 90 0 60 0 60 0 75 0 75 0 75 0 60 0 90 0 75 0 75 0 90 0 60 0 60 0 90 0 60 0 75 0 90 0 60 0 90 0 75 0 75 
