22 21 23 22 22 23 22 22 21 21 22 23 22 21 22 23 23 21 22 23 23 21 21 21 21 21 23 21 22 22 23 23 23 22 23 22 22 21 23 23 22 22 21 21 22 23 23 22 23 23 22 21 23 22 22 21 23 21 23 21 22 22 21 23 21 21 21 23 22 21 23 23 22 21 21 22 23 21 21 21 23 22 21 22 21 22 21 23 23 23 21 22 22 21 21 22 23 22 22 21 
23 22 21 23 22 22 21 23 22 22 23 22 23 21 21 21 23 21 21 23 21 21 22 22 23 23 21 22 23 23 22 22 21 23 21 21 21 22 23 23 23 23 22 21 23 22 22 23 21 23 23 21 21 22 23 21 21 23 22 23 23 22 23 21 22 23 21 21 23 21 23 23 23 22 21 23 23 23 22 23 23 21 22 23 23 21 21 22 21 23 22 21 22 21 21 21 22 22 21 21 
22 21 21 22 22 22 21 22 22 22 23 21 21 21 23 23 22 21 22 22 21 21 22 23 21 23 23 23 22 21 21 23 22 22 21 21 23 22 23 21 22 23 21 22 23 21 22 21 22 21 22 23 21 22 22 22 22 23 22 21 23 22 21 23 23 23 23 23 21 23 21 23 22 22 21 22 23 21 22 22 21 22 21 22 21 23 21 23 22 22 23 23 22 22 22 22 22 22 22 23 
22 23 23 21 22 21 23 22 21 22 21 22 21 22 21 21 21 22 21 23 21 21 23 22 23 22 21 21 23 23 22 22 22 21 21 21 21 21 22 23 23 22 21 21 21 22 22 22 21 23 22 21 22 21 23 21 23 21 23 23 23 21 22 21 22 23 22 23 23 21 22 22 21 21 23 21 23 22 22 23 21 21 21 23 22 23 21 21 21 21 21 23 22 23 22 23 22 21 22 22 
21 22 21 22 22 21 23 21 23 22 21 23 23 21 21 21 22 21 23 22 22 23 23 23 22 21 22 21 21 21 23 22 22 23 21 21 23 23 22 22 22 22 23 22 21 23 21 22 21 23 21 22 23 100 33 33 33 33 33 33 33 33 33 33 33 101 23 22 22 23 23 22 21 21 21 23 21 23 23 21 21 23 21 23 22 22 23 21 23 22 21 22 23 21 23 22 23 22 23 21 
23 23 23 23 21 23 23 22 23 22 22 21 22 22 21 21 22 21 21 22 21 22 21 23 22 23 23 21 22 22 22 22 22 21 23 23 21 22 21 21 22 23 23 23 23 21 21 22 21 102 103 104 105 106 12 13 14 13 16 12 12 16 14 13 15 107 108 23 21 21 21 22 23 21 22 22 22 21 23 22 23 23 22 23 21 23 23 22 22 21 22 23 23 21 23 23 21 21 22 21 
22 21 23 21 22 22 23 21 22 22 22 22 23 21 21 23 23 22 21 22 23 23 22 22 22 22 21 22 23 23 23 21 23 23 23 23 22 23 23 21 23 22 21 22 22 21 21 109 110 111 14 16 15 13 12 16 15 13 12 16 14 16 12 12 12 14 112 113 22 22 21 21 21 23 23 22 23 21 23 21 23 22 22 21 21 22 21 23 22 22 23 23 22 22 22 23 23 21 21 21 
23 22 23 21 23 22 21 22 21 23 23 23 21 22 21 23 23 22 22 22 23 22 21 22 23 23 21 23 21 23 22 21 21 21 22 23 22 22 22 23 22 22 21 21 21 22 109 114 13 14 16 12 12 16 13 14 11 11 13 12 13 16 11 12 11 16 15 112 115 23 23 22 22 21 21 21 23 22 21 21 23 23 22 23 22 21 22 22 21 23 23 21 22 23 21 23 22 22 22 23 
22 22 22 23 23 23 21 21 22 21 22 22 22 23 21 23 21 21 22 22 23 21 23 21 22 21 22 23 23 21 23 21 22 22 22 23 22 22 21 23 23 22 22 22 22 109 116 11 13 12 11 14 14 14 13 14 13 11 12 11 16 11 11 12 12 11 11 16 112 113 21 22 22 21 22 23 23 23 21 21 23 21 23 23 22 22 21 22 22 21 22 23 21 22 21 21 21 23 22 22 
23 22 23 23 23 21 22 22 21 23 23 21 21 23 22 23 22 22 21 23 23 23 21 23 21 21 21 22 21 23 23 22 22 23 21 22 21 23 23 22 23 23 23 21 23 117 11 13 14 13 14 11 15 16 11 11 14 16 15 16 16 14 15 12 13 12 12 12 16 112 115 22 21 21 23 23 21 23 23 21 23 23 23 21 22 21 22 22 22 22 21 21 22 22 22 21 23 22 23 23 
23 23 22 21 21 21 21 21 21 22 23 21 21 23 21 22 22 23 22 23 22 22 21 23 21 23 21 21 22 22 21 22 21 22 23 21 23 23 23 21 21 23 21 23 118 119 12 12 15 16 15 14 14 14 120 121 122 123 31 31 31 124 125 126 11 11 16 14 14 15 112 115 22 23 23 22 21 23 21 23 22 21 23 22 21 21 21 21 21 23 23 23 23 21 21 23 21 21 21 22 
21 22 21 23 21 21 22 21 23 23 21 22 23 23 21 23 21 22 21 21 22 22 22 22 22 22 22 21 23 22 23 21 23 23 23 23 23 23 21 23 22 21 23 22 127 14 13 12 12 13 14 16 128 129 130 21 22 22 23 21 23 21 22 131 126 12 12 11 15 13 11 112 113 23 22 23 23 21 21 21 22 23 23 22 23 23 22 22 21 21 23 23 22 22 21 22 22 23 21 22 
21 23 21 22 23 23 22 22 23 22 21 22 22 23 21 23 23 22 22 23 23 22 22 22 23 21 21 23 23 21 22 23 22 22 21 21 22 21 21 23 22 21 22 132 133 15 16 13 12 11 16 134 135 23 23 22 21 23 22 22 23 23 22 23 136 126 11 16 15 13 15 11 112 113 23 21 21 23 23 23 23 21 22 21 21 23 22 21 23 22 23 21 21 21 23 21 21 21 21 22 
21 23 21 23 21 21 21 22 22 23 21 22 22 21 23 23 23 21 23 23 23 22 22 21 21 21 23 22 23 23 21 23 23 22 21 23 22 21 21 21 21 23 23 137 16 16 15 12 13 16 15 138 23 22 21 21 23 22 22 22 23 21 22 23 22 136 126 14 14 12 15 13 13 112 115 22 21 23 22 21 21 21 22 22 22 22 22 21 21 23 22 21 21 23 22 21 22 23 23 23 
22 21 22 23 21 21 22 22 21 21 22 21 22 21 21 23 23 22 21 21 21 23 21 22 21 23 22 22 21 22 22 22 23 23 22 23 23 23 23 23 21 21 139 140 12 14 12 15 11 15 141 142 23 22 22 21 22 23 22 22 23 21 21 23 22 22 131 126 11 11 14 15 14 13 112 113 23 23 21 23 22 22 23 23 23 22 22 23 21 21 21 22 23 23 22 23 23 22 23 22 
21 22 23 22 23 23 22 23 21 23 21 22 21 23 22 21 21 21 21 22 21 22 21 22 21 22 22 21 21 21 22 21 22 21 23 23 21 22 22 21 22 22 143 13 16 16 15 16 11 12 144 21 23 22 22 21 23 23 23 22 23 23 23 22 22 21 22 131 126 14 14 13 13 11 14 112 115 21 23 23 23 22 22 23 21 23 21 21 23 22 22 23 22 21 22 22 23 21 23 21 
22 22 22 21 21 21 21 22 22 23 23 21 23 21 21 21 22 21 22 21 23 23 23 21 23 21 23 22 22 22 21 21 21 22 21 23 21 22 22 22 22 21 145 14 14 16 11 12 14 146 147 23 23 22 22 22 21 21 21 23 23 21 21 23 21 22 21 22 136 126 16 16 12 11 16 15 112 115 23 21 22 21 23 23 23 21 23 22 22 22 21 21 23 21 23 23 22 21 23 22 
23 21 22 23 21 21 21 23 22 21 21 21 21 21 22 23 23 21 23 22 23 23 22 22 21 22 22 23 21 21 22 23 22 23 23 21 21 23 21 23 21 21 148 15 12 13 16 12 15 149 21 22 23 21 22 23 22 23 22 21 23 22 23 22 22 22 22 22 22 136 126 13 12 13 13 16 11 112 113 21 22 23 21 21 22 22 23 23 22 21 22 21 21 23 23 21 22 22 23 23 
23 22 22 22 22 21 22 21 23 22 23 22 23 21 22 21 22 21 23 21 23 21 22 23 22 21 22 21 23 21 21 23 23 23 21 22 23 23 23 23 22 22 150 11 11 16 12 15 15 151 21 23 23 23 21 22 23 22 23 21 22 23 22 23 22 22 22 21 23 22 131 126 16 13 14 12 15 12 112 113 23 22 23 22 21 21 21 21 23 21 23 21 21 22 21 22 21 21 22 23 
22 21 23 22 22 23 22 23 22 23 21 22 22 22 21 22 22 21 23 23 22 22 23 23 21 21 23 22 21 21 21 21 22 21 22 21 21 23 22 22 23 23 152 11 14 15 14 13 11 153 22 22 21 22 23 23 21 21 21 23 22 23 21 23 23 23 21 21 21 21 21 131 126 16 13 16 13 14 12 112 115 21 21 21 22 21 21 22 22 21 22 22 22 23 22 23 22 23 22 22 
23 23 22 23 23 23 23 21 23 23 22 22 23 23 23 23 23 21 21 21 21 21 23 22 21 22 23 23 21 22 21 23 22 23 23 21 23 23 22 22 22 154 155 16 12 13 16 12 13 156 22 22 21 21 22 21 21 22 22 22 21 21 23 22 21 23 21 21 23 23 23 23 136 126 11 13 12 11 14 12 112 113 23 22 21 22 23 22 22 22 23 22 21 22 21 22 22 23 22 21 
22 22 21 22 21 22 22 22 21 23 23 22 23 23 23 23 21 23 22 21 22 23 23 23 21 21 22 23 23 23 23 23 23 22 22 23 23 23 22 21 23 35 11 15 16 13 12 11 15 37 21 23 23 23 22 22 22 22 22 22 22 23 21 22 22 23 21 21 21 21 21 22 21 136 126 14 14 16 14 14 11 112 115 21 22 22 23 22 22 22 21 21 21 22 22 23 21 21 23 23 
21 23 23 21 21 23 23 22 21 23 23 22 21 21 22 23 21 22 21 22 21 22 23 23 21 22 22 22 23 21 23 23 21 22 21 22 23 21 21 23 21 35 11 11 14 12 13 14 12 37 22 23 21 21 21 23 23 22 22 21 22 21 23 21 22 21 22 22 23 21 23 23 21 23 131 126 14 12 13 13 12 11 112 115 22 21 23 22 21 21 21 23 23 21 21 22 22 23 22 23 
23 21 22 22 22 21 23 23 23 21 22 23 23 23 21 21 21 21 23 21 21 21 21 21 21 22 22 21 22 21 23 22 22 22 21 21 22 21 23 23 21 35 15 13 11 13 11 15 13 37 21 21 22 22 22 22 21 23 21 23 23 23 21 21 22 22 22 23 22 21 21 22 21 22 22 131 126 16 14 14 16 12 14 112 113 21 21 22 23 22 22 21 22 23 23 23 22 23 23 21 
22 22 21 23 23 22 23 21 23 21 21 21 22 21 23 22 22 23 22 21 22 23 21 21 23 22 23 22 21 22 23 23 23 23 23 21 22 23 21 23 23 35 11 13 11 15 15 11 15 37 22 22 23 21 22 22 22 21 23 21 23 23 21 23 23 21 23 21 21 22 23 22 21 21 21 23 131 126 11 13 13 15 11 11 112 157 23 21 23 22 22 21 21 21 22 23 21 22 23 22 
23 23 22 21 21 22 23 22 22 23 22 21 22 21 22 21 23 23 21 22 21 23 23 22 23 21 22 21 21 21 22 21 23 21 21 21 23 21 23 21 21 35 15 15 13 13 11 16 16 37 21 21 22 22 23 21 21 23 23 22 23 23 23 23 21 21 23 21 21 23 23 22 22 23 23 23 23 136 126 12 11 16 16 12 13 158 21 21 23 23 21 22 22 23 23 22 22 22 22 22 
22 23 21 23 22 22 21 22 22 21 21 21 23 21 23 21 21 21 21 21 21 22 22 22 21 21 21 21 23 22 23 23 22 23 22 21 22 23 23 23 23 35 11 14 15 14 14 13 16 37 22 21 23 22 23 22 21 21 21 21 21 23 22 21 22 21 21 21 22 21 23 22 23 23 22 21 22 23 136 126 13 15 16 11 13 159 22 23 23 21 23 23 21 21 22 22 23 23 21 21 
21 22 23 21 21 21 22 21 23 22 21 23 22 22 22 23 22 21 23 22 21 22 23 22 23 21 21 21 21 21 22 21 22 22 22 21 22 23 22 22 22 35 15 11 11 12 13 14 14 37 21 23 23 22 22 23 21 23 21 21 23 21 22 21 21 22 23 23 22 23 22 21 21 22 21 23 23 22 23 160 13 16 11 15 13 161 162 23 21 22 23 23 22 21 22 23 22 21 21 23 
23 23 22 22 23 23 21 21 21 21 23 23 23 23 22 21 21 23 23 21 21 22 21 21 23 23 23 22 23 21 22 21 22 22 23 21 22 21 22 22 21 35 12 11 12 11 13 15 12 37 22 22 23 21 21 21 21 22 21 21 21 21 23 22 22 21 21 22 22 22 23 21 23 21 22 21 23 23 21 163 15 11 12 14 11 12 37 22 22 23 23 22 22 21 23 21 22 22 22 21 
21 21 22 23 21 23 21 23 23 23 22 23 22 23 23 22 23 21 21 21 22 21 23 23 21 21 21 21 22 22 21 23 23 22 22 23 21 23 23 22 23 35 11 14 15 14 13 14 13 37 22 22 21 23 23 21 22 21 21 23 21 23 21 22 22 21 22 22 23 23 22 22 21 21 23 22 23 23 22 164 11 12 16 12 13 12 37 22 22 21 21 22 23 22 22 21 21 21 21 22 
22 21 22 23 23 23 22 23 22 22 22 23 22 22 23 21 22 22 23 23 21 23 23 21 21 22 23 22 22 21 21 22 22 23 22 22 22 23 22 23 21 165 14 12 16 15 12 14 15 37 22 21 21 23 21 21 23 22 22 22 21 22 23 21 23 22 23 21 23 22 22 22 22 23 23 22 23 22 23 35 13 13 12 16 11 11 37 21 21 22 22 21 23 22 22 23 21 21 21 21 
22 22 23 21 23 21 21 22 22 23 21 23 23 23 22 23 21 21 23 23 22 21 23 21 21 22 21 21 23 22 21 21 23 21 23 23 22 23 22 21 23 166 15 11 16 13 14 12 14 37 21 22 23 22 23 23 23 23 21 21 23 23 23 22 22 23 22 21 22 21 21 21 23 23 23 21 22 22 21 35 11 14 15 16 13 11 37 22 21 21 23 22 22 22 23 22 21 21 22 23 
22 21 21 22 22 23 22 22 21 21 21 22 22 21 22 21 22 22 23 23 23 22 21 22 22 23 23 22 21 22 22 22 23 23 21 22 22 23 23 23 167 168 11 12 13 12 13 11 16 37 22 23 23 21 23 21 22 22 22 22 22 22 23 21 23 22 21 22 21 22 22 23 23 22 21 22 22 23 21 35 15 13 13 16 15 11 37 22 22 22 23 22 22 22 23 21 22 22 22 23 
22 23 22 23 23 21 21 21 23 23 23 23 169 33 33 33 33 33 33 33 33 33 33 33 33 33 33 33 33 33 33 33 33 33 33 33 33 33 170 171 172 15 12 16 12 16 11 13 13 37 23 23 22 21 22 21 22 21 23 22 21 21 21 23 21 21 21 23 21 23 23 21 23 22 23 23 21 21 21 35 14 13 14 14 12 16 37 23 22 21 23 22 23 21 21 21 23 21 21 23 
23 23 22 22 21 22 21 23 173 174 175 176 177 15 15 13 16 12 13 13 15 14 16 15 16 14 16 12 16 16 16 11 14 13 13 13 14 12 13 15 16 12 16 16 14 12 13 13 14 37 23 23 23 22 23 22 21 23 21 23 23 21 22 22 21 23 21 22 23 23 22 22 23 21 23 22 21 21 22 35 13 14 12 15 14 16 37 21 23 21 21 21 22 22 22 23 21 23 23 21 
22 22 21 21 21 23 178 179 180 14 13 12 12 13 11 14 15 16 16 16 13 15 15 13 16 15 12 12 13 13 15 13 15 13 15 11 13 13 12 16 14 14 16 15 14 16 16 16 15 37 21 22 21 22 21 21 22 23 23 21 21 22 22 21 23 22 23 23 22 23 22 23 21 22 22 22 21 21 22 35 16 16 12 13 16 11 37 23 21 22 23 23 23 23 21 23 23 21 21 23 
21 23 23 23 23 181 180 11 15 11 15 13 12 11 11 15 16 13 14 14 15 12 11 12 15 13 12 13 12 12 11 16 15 15 16 15 15 12 15 12 11 12 14 16 16 14 15 14 182 183 23 23 21 23 22 21 21 21 21 21 23 23 22 21 23 21 23 23 21 22 22 23 23 22 22 21 22 22 22 165 11 12 12 16 16 14 37 22 21 23 22 22 23 22 21 22 23 21 23 22 
23 23 21 22 184 185 16 16 14 14 11 16 16 13 16 15 14 16 15 16 12 13 13 13 12 13 15 13 15 12 11 11 16 11 15 11 16 12 14 14 13 12 13 13 14 11 15 16 186 23 21 23 22 21 22 22 22 22 23 23 23 21 23 21 21 21 22 21 21 21 23 22 21 21 21 21 23 22 23 166 15 11 14 11 15 14 37 23 23 21 21 23 23 23 21 23 21 22 23 23 
23 21 21 187 188 13 15 15 11 11 15 14 12 16 16 11 13 16 13 14 16 14 11 14 14 14 16 12 13 14 14 11 11 16 14 12 11 11 16 11 11 13 12 16 12 11 16 14 189 21 21 22 23 21 23 23 21 21 23 23 21 23 23 21 21 21 22 22 21 23 22 22 23 21 23 21 22 23 167 168 14 13 13 14 16 15 37 21 23 22 23 23 21 22 23 21 22 21 21 22 
21 23 23 190 16 15 14 11 13 13 11 13 12 14 13 14 16 12 16 14 14 11 13 11 12 16 14 12 15 15 11 16 12 16 13 11 12 16 11 15 12 15 15 13 11 11 14 191 192 23 21 23 23 22 21 23 22 22 22 169 33 33 33 33 33 33 33 33 33 33 33 33 33 33 33 33 170 171 172 16 11 11 12 11 16 11 37 21 23 22 23 22 21 21 23 22 23 23 22 22 
21 21 22 193 11 14 16 11 11 16 16 13 13 16 13 12 11 16 12 11 15 16 16 11 13 12 16 13 15 13 14 13 13 13 15 11 14 13 11 14 16 16 14 16 194 195 196 192 22 23 21 22 23 22 23 173 174 175 176 177 15 15 11 15 16 16 12 12 14 12 15 15 12 15 11 12 12 13 12 13 16 15 16 15 13 13 37 22 23 23 21 23 21 23 21 22 23 23 21 21 
22 22 154 155 13 13 16 12 13 15 11 14 16 14 197 198 199 200 201 31 31 31 31 31 31 31 31 31 31 31 31 31 31 31 31 31 31 31 31 31 31 31 31 31 202 23 22 23 22 23 23 21 22 178 179 180 12 12 15 11 12 13 13 11 13 11 15 11 13 11 11 11 16 12 15 11 13 15 14 15 14 16 14 16 13 182 183 22 22 23 21 21 23 23 21 23 23 23 23 22 
22 23 35 12 13 16 16 12 12 16 14 14 11 203 204 21 22 21 21 21 21 23 23 21 21 23 21 23 21 23 22 21 21 23 22 21 23 23 21 22 21 22 22 22 23 22 22 21 22 23 21 23 181 180 13 13 11 13 13 15 11 16 12 15 11 15 13 13 13 16 12 16 12 11 14 11 15 16 12 11 13 14 14 11 15 186 23 21 23 21 21 22 22 23 23 23 23 22 23 21 
21 23 35 15 16 11 13 11 11 11 11 16 205 206 22 23 22 23 21 21 23 22 23 21 23 21 22 22 21 23 23 22 23 23 23 23 22 23 21 22 21 23 23 22 22 22 22 21 22 23 21 184 185 14 15 11 16 11 11 11 13 16 11 12 14 14 14 15 14 11 12 14 12 12 11 11 16 14 13 13 11 11 16 16 13 189 21 23 22 22 21 23 21 23 21 21 22 22 22 21 
22 22 35 12 16 16 12 11 15 15 14 11 207 21 22 23 23 21 22 21 21 21 22 22 23 21 22 23 22 23 21 23 21 23 22 23 23 22 21 21 21 23 22 23 21 23 22 23 22 21 187 188 12 15 14 13 16 11 14 16 11 12 15 15 13 11 16 12 16 16 16 14 16 15 16 11 14 11 11 16 12 12 11 13 191 192 21 21 23 21 21 21 23 22 23 23 22 22 23 21 
23 23 35 11 11 14 16 15 13 14 16 12 208 22 23 23 22 23 22 23 21 21 23 22 22 21 22 23 21 23 22 21 21 22 23 21 23 21 21 22 23 22 21 21 23 21 21 21 23 22 190 13 11 11 14 15 13 15 13 13 15 13 15 12 14 13 15 11 13 13 15 11 15 16 12 11 13 15 12 14 12 194 195 196 192 21 21 23 22 22 21 22 23 22 22 21 22 23 23 23 
23 22 35 11 15 11 16 13 13 15 14 11 37 22 23 23 23 22 21 21 21 23 22 22 21 21 23 22 22 22 21 22 22 23 21 22 22 22 21 21 22 21 21 23 22 21 23 21 22 23 193 12 15 12 13 14 13 11 197 198 199 200 201 31 31 31 31 31 31 31 31 31 31 31 31 31 31 31 31 31 31 202 21 22 23 23 23 22 21 23 22 21 22 23 21 23 23 21 21 23 
21 22 35 15 14 14 12 14 13 11 16 14 37 23 22 22 22 22 23 22 21 21 21 22 21 23 23 22 22 22 23 23 22 23 22 23 22 22 22 22 22 22 22 23 22 21 23 21 23 154 155 15 15 16 15 16 15 203 204 23 22 21 22 21 23 21 21 21 21 23 21 23 21 22 21 21 21 23 23 23 21 22 23 23 21 22 22 23 21 23 23 22 22 21 23 22 22 21 21 23 
23 22 35 12 14 15 13 15 15 16 14 15 37 23 21 22 22 22 23 21 21 23 21 21 23 23 22 23 23 21 21 21 23 23 22 23 23 23 22 21 23 21 23 21 21 21 23 23 22 35 12 14 11 16 13 15 205 206 22 22 21 21 22 21 21 22 21 22 21 23 21 21 23 23 23 21 23 21 22 23 23 22 22 22 23 23 21 22 22 23 21 22 22 23 22 23 21 23 21 22 
21 22 35 11 16 12 13 14 15 16 16 14 37 23 22 23 22 22 23 23 21 21 23 21 22 21 21 21 23 23 21 21 22 21 23 22 23 22 22 22 23 22 21 21 23 22 23 22 21 35 13 11 14 13 13 16 207 22 21 21 23 22 23 21 23 22 21 22 23 22 21 22 23 21 21 23 21 23 23 21 21 21 22 21 22 22 22 22 21 23 22 23 21 22 21 23 21 22 22 23 
21 22 35 15 11 12 16 14 16 13 16 15 37 23 21 23 21 23 21 23 21 21 23 22 22 21 21 23 21 21 22 23 22 22 22 21 22 21 23 23 22 23 23 23 22 21 22 23 23 35 12 14 11 14 14 11 208 23 21 22 22 22 21 21 22 22 23 23 23 23 21 23 22 22 22 22 22 21 23 23 21 23 23 21 21 21 21 22 21 22 23 23 23 23 21 22 22 21 22 21 
21 23 35 14 15 12 15 11 14 13 13 14 37 21 21 21 21 21 22 22 22 22 21 22 23 21 22 23 23 23 21 21 22 21 21 22 23 23 22 21 21 21 21 22 21 21 23 23 22 35 11 12 14 14 13 13 37 23 23 22 23 23 21 22 22 23 23 22 23 23 22 21 21 23 22 22 22 21 23 22 23 22 23 21 23 23 21 23 23 23 21 21 21 22 22 22 23 21 21 22 
21 21 35 16 14 13 14 16 14 15 13 13 37 21 21 23 22 21 23 22 21 23 23 21 21 21 21 22 23 23 23 23 22 21 23 21 21 21 22 21 22 21 21 22 22 22 21 22 23 35 13 11 11 13 11 15 37 23 21 22 22 23 22 22 23 23 22 23 21 23 23 21 22 22 22 22 23 23 21 21 22 21 21 23 22 21 23 21 21 22 21 23 21 22 21 21 23 23 22 21 
23 21 35 11 14 16 13 16 16 16 16 16 37 22 21 21 22 23 22 23 21 22 21 21 22 22 23 22 23 22 22 21 21 22 22 22 22 22 22 22 21 22 23 21 23 21 22 22 21 35 13 15 14 15 15 12 37 21 23 21 23 23 21 22 21 22 21 23 23 23 22 21 22 22 22 21 23 23 22 21 22 22 21 23 23 23 21 21 21 21 23 23 21 21 21 22 22 22 21 21 
22 22 35 16 13 12 11 11 11 14 12 16 37 22 22 21 22 21 21 22 23 21 21 23 21 22 23 22 23 21 21 22 22 22 23 21 21 21 23 22 23 23 23 22 23 22 23 21 23 35 11 11 16 11 14 15 37 22 23 21 21 22 22 21 23 23 23 21 22 21 22 21 22 21 21 22 23 21 21 21 22 21 21 23 21 22 21 22 21 23 23 21 22 21 22 23 21 21 21 23 
22 22 35 11 13 14 12 15 13 16 13 14 37 21 21 21 21 21 23 21 22 23 23 22 21 23 23 22 22 21 23 22 21 22 23 22 21 21 23 23 22 22 21 22 21 21 23 21 23 35 16 16 11 15 15 11 37 22 21 23 21 23 21 21 21 22 22 22 23 23 23 23 23 21 22 23 23 22 22 22 21 21 21 23 22 23 22 22 22 21 22 23 21 22 23 23 23 22 21 22 
22 21 35 14 14 15 13 15 14 12 13 16 37 23 21 23 23 22 23 23 22 21 23 23 23 23 22 23 22 22 22 23 21 23 21 23 23 23 23 22 23 22 22 22 23 22 22 22 22 35 14 11 13 15 11 15 37 22 21 21 22 23 23 23 21 21 23 22 21 23 21 21 22 21 22 23 22 21 22 21 21 21 22 21 23 23 23 22 22 23 22 23 23 22 23 21 23 22 23 21 
21 23 35 14 12 14 16 13 12 15 15 16 37 22 22 21 23 21 21 22 22 23 22 21 22 23 22 22 23 22 23 21 22 22 23 23 21 21 23 23 23 21 21 21 23 23 21 23 23 35 16 12 12 12 14 209 210 23 22 23 22 23 21 22 21 21 23 22 21 23 22 22 23 23 23 21 21 23 21 21 21 23 21 23 22 21 22 23 21 23 23 23 23 23 21 23 21 22 21 22 
21 21 35 14 11 11 16 11 11 15 11 15 37 23 23 21 23 22 22 21 22 22 21 21 21 21 22 23 21 22 21 23 21 22 21 23 22 21 22 22 22 22 23 22 22 22 22 21 21 35 16 16 16 15 11 11 113 23 21 22 22 23 21 23 22 23 21 22 22 22 22 23 21 21 22 23 22 23 23 21 22 21 21 22 21 22 22 21 23 21 23 21 23 23 21 22 22 22 23 23 
21 22 35 14 12 15 16 15 15 14 12 12 37 22 22 21 23 22 22 22 23 22 22 22 21 22 23 22 23 22 23 23 23 21 21 23 23 21 23 21 23 23 22 22 21 21 22 21 23 154 155 12 14 15 16 12 112 115 22 23 22 21 21 21 22 21 21 22 21 22 22 21 23 22 21 22 21 23 21 23 22 22 21 21 21 21 23 21 21 22 23 22 22 22 23 22 23 21 21 21 
23 23 35 12 12 11 13 15 14 13 12 16 37 22 21 21 22 22 22 22 22 22 21 22 23 23 21 21 22 23 21 23 21 23 22 22 23 23 21 21 23 21 23 21 22 23 22 21 21 23 131 126 16 16 12 14 13 112 113 22 21 23 22 21 23 23 23 23 23 22 22 23 22 22 21 22 23 23 22 22 21 21 23 22 22 22 23 23 23 22 22 23 21 22 23 21 22 23 23 21 
22 21 35 12 13 11 16 12 11 14 11 15 37 21 23 21 23 21 23 22 21 23 23 22 23 22 23 23 22 21 21 22 23 23 23 22 21 21 21 23 21 21 21 21 22 23 21 22 23 22 23 136 126 13 11 11 16 11 112 115 22 23 22 23 22 23 22 22 22 23 23 22 23 21 22 22 22 23 22 21 22 23 22 23 22 23 22 23 23 22 21 22 22 22 21 23 21 21 21 23 
23 21 35 12 16 11 11 12 16 11 11 12 37 23 21 21 22 22 23 22 22 23 23 23 21 22 22 23 21 23 23 22 23 23 23 22 22 22 23 22 22 23 22 23 23 23 21 22 22 21 23 21 136 126 12 16 11 12 15 112 115 23 22 21 23 22 23 23 21 23 21 21 22 22 23 23 22 21 21 22 21 22 21 23 22 23 21 23 23 22 23 22 22 22 23 22 22 22 21 23 
21 22 35 11 13 16 16 16 13 11 14 14 37 21 22 21 21 21 22 21 22 22 22 22 21 21 23 23 22 21 22 22 22 23 22 22 23 22 22 23 21 22 23 23 23 22 21 21 22 22 21 21 22 131 126 11 12 16 14 16 112 113 23 21 21 22 22 22 22 21 21 22 23 22 21 21 21 21 23 21 23 21 21 23 22 21 23 21 22 22 21 23 22 21 23 22 23 22 22 21 
23 23 35 16 13 14 14 16 15 13 13 12 37 22 23 22 21 22 23 22 21 22 21 21 22 22 22 22 21 21 23 23 22 23 22 22 23 22 23 23 21 23 23 23 21 22 22 23 21 22 21 21 21 22 131 126 15 15 13 13 11 112 115 21 21 23 21 23 21 22 21 21 22 21 23 22 23 22 22 22 21 23 22 22 22 23 23 23 21 22 22 21 22 22 21 23 23 21 22 23 
21 23 35 14 12 14 14 14 16 16 16 12 37 22 21 23 21 23 23 23 23 23 21 21 23 21 23 21 23 22 22 21 22 22 23 22 21 21 23 23 22 23 23 23 22 23 21 22 23 23 21 22 23 23 23 136 126 16 16 15 11 15 112 113 21 23 23 22 22 23 22 21 21 21 23 23 21 23 22 22 23 23 23 23 21 21 22 21 21 21 23 23 23 21 22 23 21 22 23 23 
22 21 35 13 16 12 16 15 16 13 12 11 37 23 21 22 22 22 23 23 22 23 23 22 23 23 23 22 21 23 23 23 22 21 21 23 21 22 23 23 21 22 21 23 21 23 21 23 21 23 22 23 23 23 22 22 136 126 15 11 16 15 11 112 115 23 22 22 21 22 22 22 21 22 22 22 21 22 22 22 22 23 22 23 23 21 23 22 23 21 21 22 21 23 21 22 23 22 21 21 
22 23 35 15 15 11 13 11 11 13 14 13 37 21 23 23 21 23 23 23 21 23 21 23 22 22 22 22 23 23 22 21 23 23 23 22 22 21 23 23 22 22 23 23 23 23 22 22 23 22 21 21 22 23 23 23 21 131 126 13 16 11 15 15 112 115 22 22 21 22 23 23 22 22 22 21 21 23 21 22 23 23 23 22 21 21 22 23 23 23 23 22 22 23 22 23 21 21 22 22 
22 22 35 14 14 14 16 11 12 12 13 11 211 22 22 23 23 23 22 23 23 22 22 23 23 23 22 22 23 22 22 22 23 23 23 21 23 21 21 22 23 23 21 23 22 23 21 22 22 23 21 23 21 23 22 21 23 21 131 126 16 13 13 12 14 112 113 23 22 21 23 23 22 21 22 22 22 23 22 21 22 23 22 22 22 21 21 22 23 22 23 21 23 23 23 23 22 22 22 21 
23 22 35 13 11 14 12 13 12 11 15 12 212 23 22 21 21 23 21 21 22 22 23 23 22 23 23 22 22 21 23 21 22 22 23 22 21 23 21 23 22 22 22 21 22 23 22 22 23 22 23 21 21 23 21 22 22 23 21 136 126 14 11 14 11 16 112 115 21 21 22 21 21 22 21 23 21 22 23 22 21 22 23 23 22 23 21 22 23 22 22 22 22 23 23 23 23 23 23 23 
21 21 35 14 12 13 14 12 11 15 12 15 213 214 215 33 33 33 33 33 33 33 33 33 33 33 33 33 33 216 217 23 21 22 22 22 22 21 21 21 23 22 23 22 22 23 21 22 22 23 22 21 21 23 22 21 23 21 21 23 136 126 15 15 15 13 14 112 113 22 22 21 23 23 21 22 22 21 23 21 21 22 23 23 22 22 21 23 21 23 21 22 23 21 22 22 23 23 22 21 
22 23 35 11 11 13 15 13 13 14 16 14 14 12 13 11 13 12 15 16 16 11 13 15 16 14 16 12 14 218 219 220 221 23 21 22 22 21 22 23 21 21 23 21 22 23 21 21 21 21 22 21 22 21 22 22 21 21 21 21 23 131 126 14 16 16 11 13 112 115 21 23 23 23 22 21 21 21 21 23 21 22 21 21 22 22 23 21 22 21 23 21 22 21 22 22 21 21 21 22 
21 22 35 14 14 14 11 16 12 15 14 15 13 13 15 14 11 14 14 15 14 12 16 14 15 13 16 13 11 11 15 16 222 21 23 21 22 21 22 21 23 21 22 22 21 22 21 22 23 21 23 22 22 22 22 23 23 21 22 23 22 22 131 126 11 11 13 11 12 112 113 22 22 23 23 21 21 22 23 21 23 23 21 23 22 23 22 23 21 23 23 22 21 22 22 22 21 23 23 23 
23 22 35 15 15 15 12 16 16 11 11 11 14 16 15 16 12 11 14 12 13 13 12 12 13 13 13 14 14 12 14 12 223 22 22 23 21 22 22 21 22 23 21 22 23 21 21 22 23 22 23 22 22 22 21 21 22 21 23 22 22 22 21 131 126 13 15 12 16 15 112 115 23 23 23 21 23 21 21 22 22 22 21 22 21 21 21 21 22 21 21 23 22 22 22 23 21 22 23 23 
22 21 224 15 15 13 15 14 12 16 11 11 12 13 15 13 14 15 14 11 13 12 13 13 13 15 12 14 16 11 14 14 225 226 23 21 23 21 21 21 21 22 21 22 23 22 21 21 22 23 23 22 23 23 21 23 22 21 22 22 22 23 23 22 136 126 13 15 11 12 13 112 113 21 23 21 21 21 22 21 22 21 22 21 23 22 23 23 22 21 21 23 22 23 22 23 22 21 22 22 
22 23 227 228 13 12 12 16 16 16 11 15 16 15 12 15 13 12 11 14 16 15 14 11 15 16 13 14 13 15 14 14 16 37 21 22 21 22 23 21 22 22 21 23 22 23 23 21 21 21 22 21 21 21 22 21 22 21 21 22 23 23 21 21 23 136 126 11 12 11 16 12 112 115 21 21 21 22 21 21 23 23 22 23 22 23 21 22 23 22 21 21 22 21 21 22 21 22 22 23 
22 22 229 230 14 12 11 15 13 16 12 16 13 14 16 11 14 11 16 11 16 16 12 16 11 14 13 15 15 11 13 14 14 37 22 23 21 21 21 23 23 23 21 23 23 22 23 23 22 23 23 22 22 22 21 23 23 21 23 22 23 21 21 21 21 21 131 126 14 12 14 11 14 112 115 21 21 23 21 23 21 23 22 23 23 22 22 22 23 23 21 21 21 21 22 21 21 23 22 22 
23 22 23 231 232 15 14 14 12 14 11 16 15 15 12 11 12 14 13 14 15 16 11 14 16 12 14 11 16 12 12 11 13 37 22 23 23 23 23 21 22 22 22 21 21 21 23 21 22 21 23 233 33 33 33 33 33 33 33 33 33 33 33 234 23 21 21 235 236 237 14 14 13 15 112 113 22 22 22 23 23 23 23 22 22 23 22 23 23 23 22 22 22 22 22 21 22 21 23 23 
21 23 23 21 238 239 240 241 242 13 16 16 11 15 15 14 15 14 11 11 13 16 16 12 16 15 14 15 14 15 11 16 12 37 22 22 21 23 21 21 21 21 21 23 22 23 22 22 22 22 243 244 15 15 12 12 14 14 11 11 15 15 12 245 246 21 23 21 22 247 248 12 13 16 14 14 249 23 21 21 21 21 23 23 23 21 23 21 23 21 22 22 23 23 23 21 22 22 22 23 
22 21 21 23 23 23 21 250 251 31 31 31 31 31 31 31 31 31 31 31 31 31 31 31 252 253 12 16 15 16 16 13 16 37 21 22 21 23 23 22 21 22 23 21 22 22 21 21 21 254 255 14 13 16 11 14 16 14 16 14 13 13 13 256 257 23 21 23 22 21 258 259 12 16 14 11 260 21 22 23 21 23 22 23 21 22 21 21 23 21 22 23 21 21 21 21 23 21 21 22 
21 21 21 22 22 22 22 23 22 22 23 23 21 22 21 22 21 21 23 23 22 22 23 22 22 261 262 14 11 13 11 11 11 37 22 22 23 23 23 21 23 21 23 22 23 23 23 21 263 255 13 14 11 11 11 12 16 13 14 15 12 15 15 264 21 22 21 23 23 22 23 265 11 13 16 11 266 267 23 23 22 22 23 21 23 22 22 21 21 23 22 21 23 23 22 21 21 22 23 23 
22 22 23 23 21 23 23 21 21 22 23 22 21 23 23 23 22 22 22 23 21 23 23 23 23 23 268 11 14 14 13 16 12 37 22 21 22 22 23 22 23 22 21 21 23 22 23 254 269 14 15 12 12 13 12 13 14 15 13 14 11 13 11 270 21 21 22 23 22 22 23 271 15 15 15 14 16 272 23 21 21 21 21 21 21 21 22 21 22 22 21 21 21 22 22 23 21 23 23 22 
21 23 21 21 21 23 22 21 23 21 23 23 23 23 21 23 23 23 21 22 21 22 23 21 21 22 35 14 11 15 15 13 12 37 21 21 22 21 21 21 22 23 22 21 23 22 254 255 12 16 11 14 16 11 11 13 16 14 11 15 16 12 13 273 21 23 23 23 21 23 274 275 12 14 13 16 14 276 23 22 21 23 21 22 23 21 21 22 22 21 22 23 22 23 22 21 22 21 21 21 
23 21 22 21 21 23 21 21 23 22 22 22 21 22 21 21 23 21 22 22 22 22 22 23 21 21 35 14 12 12 15 11 12 37 23 23 22 23 22 21 23 23 22 22 22 263 255 12 14 12 16 14 16 277 278 279 280 281 282 16 14 12 11 283 284 23 23 21 21 285 286 16 11 13 12 11 14 287 23 23 21 22 22 21 23 22 23 22 23 22 23 22 22 21 22 21 22 21 21 22 
23 22 23 21 22 22 23 23 22 22 23 23 21 22 21 21 21 23 22 22 23 22 21 21 21 22 35 12 15 13 13 11 14 37 21 23 21 21 22 23 23 22 23 23 254 269 11 16 12 12 14 12 277 288 22 22 23 21 289 15 16 15 15 12 290 291 292 293 294 295 16 13 13 12 12 16 296 297 21 22 21 22 21 23 21 22 23 21 23 22 23 22 23 23 22 23 23 23 21 23 
22 23 22 21 22 21 21 21 21 22 23 21 23 23 22 21 22 21 22 22 21 22 22 23 21 23 35 15 11 15 16 14 16 37 22 22 22 22 21 23 22 22 21 263 255 14 16 13 14 14 14 298 288 23 21 23 22 21 299 12 11 15 12 13 13 12 11 13 13 15 11 13 11 15 13 11 300 22 22 21 23 21 21 21 21 21 21 23 22 22 21 23 22 22 21 22 23 21 21 23 
21 23 21 23 23 21 23 23 22 22 21 21 22 22 22 21 23 23 23 21 22 23 23 22 23 22 35 16 15 13 16 12 13 211 23 22 23 23 22 23 23 21 254 269 14 13 16 13 15 11 277 301 23 22 23 23 23 22 302 303 13 16 11 12 12 16 14 12 14 15 14 13 12 11 11 304 305 21 21 23 23 22 21 22 21 22 22 21 23 23 23 23 22 21 23 22 22 22 22 21 
23 22 23 21 23 21 23 23 23 21 22 22 22 22 23 21 22 22 21 22 21 22 22 23 22 21 35 14 14 13 16 15 15 212 22 22 21 22 23 23 21 254 255 15 11 11 14 12 13 298 301 21 22 21 23 21 23 21 23 306 14 14 12 16 15 13 12 12 12 15 14 16 15 12 307 308 23 21 21 23 21 21 23 23 21 22 23 22 21 21 22 22 23 23 23 21 22 22 21 22 
23 22 23 21 22 21 23 22 22 23 21 23 21 21 23 21 22 22 23 23 22 22 22 22 22 21 35 15 11 16 13 12 11 213 214 215 33 33 33 33 263 269 15 15 14 11 16 13 277 288 22 22 23 23 21 21 23 22 22 309 310 311 12 13 12 14 13 11 16 14 16 11 11 312 313 23 21 23 23 21 22 21 23 22 22 23 21 23 23 23 22 23 23 23 22 22 22 21 22 21 
22 22 23 21 23 23 23 21 23 23 23 21 22 22 23 23 21 23 22 21 21 23 22 23 23 21 35 11 13 12 13 14 13 15 13 11 15 12 15 13 11 11 12 15 15 16 15 298 301 22 21 22 21 22 22 21 21 22 22 21 23 314 315 316 317 11 16 11 14 16 318 319 320 321 22 21 21 21 23 22 23 21 22 22 23 22 21 21 23 22 23 21 21 23 23 21 21 21 23 22 
21 22 22 21 22 23 22 22 21 22 23 21 23 23 22 22 22 23 23 21 22 22 23 22 21 22 224 13 13 12 15 14 12 14 15 13 12 12 13 15 11 14 11 14 13 14 298 288 23 22 22 22 21 21 21 22 23 23 21 21 23 23 22 22 322 31 31 31 31 31 323 324 21 21 23 22 21 21 21 23 23 21 21 22 23 21 22 22 22 22 21 22 22 22 22 21 21 22 22 21 
22 21 22 22 22 21 21 22 22 21 23 22 23 21 23 23 22 22 21 21 23 22 21 22 23 22 227 228 13 14 14 11 11 15 14 13 14 15 11 11 15 13 15 11 12 277 301 22 22 22 21 23 23 21 22 21 21 22 22 23 21 22 22 21 22 23 23 21 23 23 23 23 21 21 23 22 22 22 21 21 23 21 23 23 23 21 21 21 23 22 21 23 21 22 23 21 22 23 22 22 
23 21 22 23 22 22 22 23 21 23 23 21 21 21 21 21 22 21 21 22 23 22 21 22 23 22 229 230 16 12 11 11 11 11 11 16 13 15 12 15 13 12 11 15 298 325 22 23 23 23 23 22 21 21 23 21 23 21 23 22 22 22 22 21 22 22 22 22 21 22 22 23 21 21 22 22 23 21 22 23 21 22 21 21 23 21 22 22 21 21 21 21 22 22 22 21 21 23 23 22 
22 22 22 23 22 21 22 21 22 21 21 22 22 21 21 21 22 23 22 23 22 23 21 23 22 22 22 231 232 13 15 11 12 16 15 14 16 14 15 12 12 13 12 298 301 23 23 22 21 23 22 23 23 22 22 21 22 23 22 21 22 23 21 23 21 23 23 23 23 23 23 21 22 22 21 21 21 23 23 22 23 22 21 23 21 23 21 22 22 22 23 21 21 21 21 21 23 23 21 22 
23 21 23 22 23 21 22 23 21 22 22 21 21 22 23 21 22 21 21 23 23 21 21 21 21 21 22 23 238 239 240 241 242 11 16 12 11 13 14 12 13 14 15 301 23 22 23 21 23 21 21 23 22 22 21 22 23 21 22 23 22 22 21 23 22 22 23 23 23 21 23 22 23 21 21 23 21 22 22 23 22 22 22 23 23 23 22 23 21 21 23 22 23 21 21 21 22 22 23 22 
23 23 23 23 22 21 23 22 22 22 21 21 23 23 22 23 23 23 23 23 21 23 21 21 23 23 22 21 22 21 23 250 251 31 31 31 31 31 31 31 31 31 31 22 22 22 21 23 23 21 22 22 22 23 23 22 22 21 22 23 21 22 23 22 21 22 23 23 22 21 21 23 22 23 22 21 22 22 23 23 23 22 21 22 21 23 21 23 21 23 23 23 22 22 21 22 23 23 22 21 
21 23 21 21 23 22 21 21 22 22 23 22 21 22 23 22 21 21 22 23 21 21 22 22 22 23 23 23 21 22 21 21 21 23 22 23 21 21 22 23 23 21 21 23 22 22 21 21 22 23 21 23 23 23 22 23 22 22 22 22 21 23 21 22 22 23 22 21 23 23 23 23 22 22 21 23 23 22 21 21 22 22 21 21 21 23 21 23 22 23 22 23 23 22 21 21 22 21 22 22 
23 22 23 21 21 23 22 23 22 22 21 23 22 23 22 22 22 22 21 21 22 21 23 21 22 22 22 21 22 21 21 22 23 23 23 23 23 22 23 21 23 23 22 22 22 23 21 21 21 22 22 22 22 23 23 22 22 22 22 21 23 23 22 23 23 21 23 23 23 22 21 21 22 23 22 21 22 22 22 22 21 22 22 22 21 21 21 23 23 23 23 23 23 21 22 23 23 21 22 22 
23 23 22 22 22 21 22 21 22 21 23 23 23 22 23 23 23 23 22 21 23 22 23 23 23 23 23 23 23 21 21 21 22 23 22 21 21 21 22 23 21 22 23 21 23 22 21 23 22 21 23 22 22 23 22 22 23 21 21 23 22 23 23 23 23 21 21 23 21 22 22 23 23 22 21 23 21 22 22 23 23 22 22 23 22 23 21 21 23 23 21 21 22 21 22 21 21 23 23 23 
21 22 23 21 22 23 21 22 21 22 22 22 21 23 21 23 23 22 21 23 21 22 21 22 22 23 23 23 22 23 23 23 22 22 21 21 21 21 22 23 23 22 21 21 22 22 23 22 23 22 21 21 23 22 23 22 21 23 22 23 22 22 22 21 23 22 21 22 22 21 22 23 22 23 23 23 21 23 22 23 21 23 21 21 22 21 22 23 21 22 23 22 23 22 21 23 21 22 21 21 
