22 22 23 23 23 21 21 23 21 22 23 23 23 23 21 23 23 23 22 23 21 21 22 21 22 21 21 21 21 21 21 23 22 23 22 23 21 21 23 21 23 22 21 22 21 22 22 23 22 23 23 23 21 22 23 23 22 21 21 23 22 22 22 23 21 22 23 22 23 22 23 22 23 21 23 21 23 21 21 22 21 23 21 22 21 21 22 23 22 22 22 23 23 22 23 21 23 21 22 22 
23 23 21 21 21 23 21 23 21 22 22 22 22 23 23 21 23 21 23 22 23 23 22 22 21 23 21 21 23 23 22 22 22 22 22 22 22 21 22 23 23 23 21 21 22 23 22 23 22 22 21 21 21 23 21 22 23 21 22 22 23 21 21 22 23 21 21 21 21 23 21 23 22 21 21 21 21 23 23 23 21 21 21 22 21 21 23 23 21 22 21 23 22 23 22 21 21 23 22 21 
22 22 21 21 23 21 21 21 23 21 21 21 22 21 23 22 22 23 22 23 21 23 23 23 23 22 23 23 22 21 21 21 22 21 21 22 23 23 23 22 23 23 21 22 21 21 22 23 21 21 22 22 21 21 22 21 23 21 23 21 23 22 21 22 22 23 21 21 22 23 21 22 23 22 22 21 22 23 23 23 23 21 22 23 22 21 23 22 22 21 22 22 22 21 21 21 23 21 23 22 
21 23 23 21 21 21 21 22 23 21 23 23 22 22 23 23 22 23 21 21 21 21 23 23 21 23 22 21 21 21 22 21 23 22 22 21 23 23 23 23 23 22 21 21 23 21 23 22 21 22 23 22 22 23 22 23 22 23 21 23 23 23 21 23 21 22 23 21 21 23 22 23 22 22 21 22 22 21 23 22 22 23 21 21 22 21 21 21 21 22 23 21 21 21 21 23 22 22 23 23 
22 21 22 23 23 23 21 22 21 22 22 23 22 23 22 21 23 22 22 21 21 22 22 22 22 23 21 22 21 21 21 22 22 21 22 23 23 23 21 21 22 23 21 21 23 22 22 22 21 23 23 22 22 100 33 33 33 33 33 33 33 33 33 33 33 101 21 21 21 21 21 23 22 22 23 21 22 21 23 21 21 23 22 21 22 23 21 23 22 23 21 21 21 23 21 22 22 22 22 23 
22 21 22 21 23 22 22 22 23 22 23 21 21 22 22 23 21 21 22 23 23 22 23 23 23 23 23 21 23 22 21 21 23 23 22 23 21 21 21 21 22 21 22 21 23 21 23 21 21 102 103 104 105 106 16 13 13 12 13 14 11 16 13 12 12 107 108 22 22 23 22 22 23 22 21 21 23 21 21 21 21 21 23 21 21 21 21 23 21 23 22 21 21 23 21 21 23 23 23 21 
23 22 21 22 23 21 21 22 22 21 23 22 22 23 22 22 22 22 23 22 23 22 22 21 21 22 22 23 22 21 22 22 22 22 21 22 23 21 21 21 21 21 21 22 21 22 22 109 110 111 16 12 14 14 12 15 11 15 16 12 16 14 12 11 12 16 112 113 23 21 23 21 23 22 23 21 23 23 21 23 21 21 21 23 22 21 21 23 23 21 22 23 23 22 23 21 23 21 23 21 
22 21 21 22 22 21 23 21 21 23 23 21 23 21 21 22 22 21 22 21 22 21 21 21 23 21 23 22 22 23 23 21 23 21 23 22 21 22 21 22 22 23 23 23 22 23 109 114 14 16 11 13 12 16 11 15 11 16 12 16 12 11 14 12 13 14 16 112 115 22 23 21 23 23 23 22 23 23 21 21 22 22 21 23 22 22 23 22 21 23 21 23 21 23 22 21 21 21 21 21 
22 23 22 22 23 22 23 21 21 22 21 23 21 22 23 22 21 22 23 22 21 21 23 21 21 21 22 23 22 23 23 21 23 22 22 21 21 22 21 21 21 22 23 21 22 109 116 16 12 15 11 15 12 12 16 11 13 11 15 13 14 16 12 14 13 12 16 15 112 113 22 23 21 23 22 22 22 22 23 23 22 22 22 22 21 23 21 22 21 22 23 22 21 23 21 23 23 21 21 23 
23 21 23 21 23 21 23 21 22 22 21 21 21 21 23 23 21 23 21 22 22 23 23 22 23 22 21 22 23 22 23 23 22 22 21 21 23 23 23 22 22 21 23 23 21 117 16 12 15 16 16 11 12 12 13 16 15 15 11 16 13 13 15 12 12 14 13 13 11 112 115 22 22 21 23 21 21 23 21 23 22 23 23 21 23 21 22 21 21 23 23 22 21 22 22 23 21 23 22 23 
22 23 22 22 21 23 22 21 22 23 21 21 21 21 21 21 22 21 22 22 21 22 21 22 21 22 23 22 22 21 22 22 21 21 23 22 21 22 23 22 22 21 23 23 118 119 12 12 14 13 16 15 16 11 120 121 122 123 31 31 31 124 125 126 14 13 16 15 16 16 112 115 21 21 23 22 22 21 23 22 22 23 21 22 23 23 23 23 22 21 22 23 21 21 22 23 23 22 21 23 
21 23 22 21 21 21 21 23 22 21 22 21 22 23 23 21 23 22 21 21 23 23 21 23 21 23 21 21 22 21 23 23 23 21 21 23 22 21 23 21 23 23 22 21 127 12 14 12 14 13 12 12 128 129 130 22 22 23 22 21 23 22 21 131 126 12 15 12 15 12 15 112 113 22 23 21 21 23 22 23 22 23 21 21 23 22 22 22 23 22 21 23 21 22 21 22 22 22 23 23 
23 22 22 22 21 21 22 21 23 23 21 23 23 21 23 22 22 22 21 23 23 21 23 21 23 23 22 21 21 22 22 21 21 23 23 22 21 22 22 21 22 21 23 132 133 14 14 13 12 14 15 134 135 23 23 21 21 23 22 21 22 22 22 23 136 126 11 13 13 15 16 15 112 113 23 23 23 22 21 22 22 21 22 21 23 21 21 21 23 21 22 23 23 21 21 22 22 23 21 23 
23 22 21 23 21 21 23 22 22 23 23 22 23 22 22 22 22 23 23 22 23 22 22 23 23 23 21 21 23 21 21 22 23 22 22 21 22 21 22 22 21 21 23 137 11 16 12 11 12 12 13 138 21 22 23 23 21 22 21 21 23 23 22 21 23 136 126 12 12 12 16 15 13 112 115 21 23 21 22 23 21 23 22 21 22 23 22 23 21 21 22 21 22 23 22 22 23 21 22 23 
23 21 21 23 22 21 23 22 21 23 21 23 23 22 23 21 22 22 23 22 22 22 23 21 22 22 21 22 23 22 21 21 23 22 23 21 23 21 23 21 23 23 139 140 16 13 12 11 16 11 141 142 22 22 23 22 23 22 23 21 21 23 22 22 23 23 131 126 15 12 16 11 11 16 112 113 21 23 23 21 21 21 23 22 21 22 21 23 21 23 22 22 23 22 22 23 22 22 21 21 
22 23 21 21 21 21 23 21 21 21 22 21 21 22 21 21 22 21 21 22 23 23 23 22 22 23 23 21 22 23 23 23 21 23 22 21 23 21 22 21 22 21 143 15 12 16 12 16 14 12 144 21 23 22 23 23 21 22 23 23 22 21 23 21 23 23 23 131 126 12 11 16 14 16 14 112 115 22 23 22 21 23 21 21 23 23 21 23 21 21 23 21 22 22 21 21 23 21 22 22 
21 22 22 22 22 22 21 22 23 21 21 21 21 21 22 23 21 22 23 22 21 23 22 22 22 21 23 21 21 22 21 22 21 22 23 23 23 21 22 22 22 23 145 14 16 15 12 16 15 146 147 23 23 23 21 23 23 21 22 23 23 22 21 22 23 23 23 21 136 126 11 13 11 14 12 14 112 115 23 21 21 22 23 22 22 22 22 22 22 23 22 22 23 23 22 23 23 23 23 22 
23 23 23 23 22 21 21 21 21 22 23 21 23 22 22 22 21 21 21 21 21 23 22 21 23 21 23 22 21 22 21 23 22 21 23 21 21 21 22 23 22 21 148 16 15 16 13 15 11 149 23 22 21 21 22 23 21 22 21 23 23 22 23 21 22 22 22 22 23 136 126 14 16 11 16 11 12 112 113 23 23 22 22 21 23 22 21 23 22 22 23 23 21 21 21 22 22 23 23 23 
22 22 21 21 23 21 23 23 22 21 22 22 23 22 23 22 23 21 22 23 23 22 22 21 22 22 22 21 22 22 21 23 21 23 22 21 23 21 23 22 21 22 150 16 15 13 16 13 11 151 21 23 23 21 21 21 21 23 23 23 21 21 22 21 22 22 23 23 22 23 131 126 13 12 11 11 14 14 112 113 23 21 23 23 21 21 23 23 21 21 21 22 23 23 22 21 22 21 21 21 
23 22 23 22 21 23 21 22 21 21 23 21 21 23 21 22 21 23 22 21 23 23 23 23 23 22 23 22 23 21 22 22 22 21 23 23 21 23 21 22 22 23 152 15 15 11 13 15 11 153 22 23 22 22 23 22 21 21 21 21 22 21 21 21 23 21 22 21 23 23 23 131 126 12 15 14 15 11 11 112 115 22 23 23 22 22 23 21 23 21 23 21 21 21 21 22 21 22 23 21 
23 22 22 23 22 21 22 23 23 23 21 21 22 23 21 21 22 23 22 21 23 22 21 21 23 22 23 21 23 22 22 21 21 23 23 22 22 21 22 22 21 154 155 12 16 16 12 16 15 156 23 23 23 21 21 23 21 21 22 23 21 23 23 23 22 23 23 22 23 23 23 21 136 126 11 15 11 11 14 15 112 113 23 21 23 23 22 23 21 22 22 22 23 21 21 21 21 21 23 23 
21 23 21 21 23 22 22 21 21 21 22 22 22 21 23 21 21 21 23 22 23 22 21 23 23 21 23 23 23 23 22 21 22 21 23 23 23 21 23 23 21 35 15 12 12 12 15 13 11 37 22 21 22 23 23 22 22 22 23 21 22 23 23 21 21 22 22 23 21 21 21 21 22 136 126 12 15 13 11 15 11 112 115 21 22 21 21 23 23 23 22 21 21 21 22 23 21 21 22 22 
23 23 22 22 22 22 22 23 23 22 22 21 21 23 22 22 21 22 22 21 21 21 21 22 21 23 22 22 21 23 21 23 23 22 21 21 22 21 23 21 22 35 15 15 13 15 16 14 12 37 21 23 23 22 23 23 22 21 23 21 21 23 23 22 22 22 21 21 21 23 21 23 23 23 131 126 11 16 12 13 15 13 112 115 22 21 23 21 23 23 21 21 21 23 21 22 22 21 21 22 
21 22 22 21 21 23 21 21 23 23 23 22 22 23 22 21 21 21 21 23 21 22 22 22 21 23 21 21 22 22 22 22 23 21 23 21 23 21 21 23 23 35 11 11 15 11 15 13 11 37 23 21 21 21 22 22 22 21 22 23 21 21 21 23 22 23 23 22 23 23 22 22 22 22 23 131 126 13 11 13 15 11 13 112 113 22 21 23 23 23 23 21 21 22 21 22 22 21 22 21 
22 21 22 22 21 21 23 23 23 22 23 21 22 21 21 21 23 22 22 22 22 21 23 22 23 23 21 21 22 22 21 21 23 22 23 23 23 21 23 23 23 35 12 16 12 16 14 16 12 37 23 22 21 21 23 23 23 22 21 23 22 23 22 22 23 21 21 23 21 21 23 23 21 23 22 21 131 126 11 15 14 14 14 16 112 157 23 21 21 22 21 23 21 21 23 22 23 21 22 23 
21 23 23 22 23 23 21 21 22 23 22 23 21 23 21 21 21 21 22 21 22 23 21 22 23 23 22 21 22 23 21 22 23 21 21 21 21 22 21 23 23 35 15 16 14 13 14 15 16 37 21 21 21 23 23 21 23 21 22 21 22 23 21 22 22 23 21 23 23 21 22 22 21 22 21 21 22 136 126 16 14 11 15 15 12 158 23 23 22 21 22 23 23 22 21 23 23 21 23 23 
21 22 23 22 21 21 22 22 21 21 21 22 21 22 23 21 23 23 23 22 22 21 21 22 23 23 22 22 21 22 21 22 23 21 21 22 22 23 23 21 23 35 14 15 11 16 12 12 16 37 23 22 21 21 22 23 22 22 23 21 21 23 22 22 21 23 23 22 21 22 21 21 22 21 22 21 22 22 136 126 11 13 14 13 11 159 23 23 23 23 22 22 22 21 22 22 22 23 23 22 
23 21 22 23 21 23 22 21 22 23 22 23 23 22 21 22 23 23 22 22 23 21 23 21 21 22 23 21 23 22 22 22 23 21 22 21 21 21 22 22 23 35 15 15 16 13 16 12 16 37 23 23 22 22 21 23 21 22 21 21 22 23 23 23 23 23 21 21 21 22 21 23 23 21 21 22 21 21 22 160 12 16 15 15 15 161 162 21 23 22 22 21 22 23 23 23 23 23 23 22 
21 23 23 22 22 23 23 23 23 22 21 21 23 22 21 22 21 23 23 23 21 21 21 23 21 23 22 23 22 21 22 23 22 22 23 21 21 23 23 21 21 35 13 14 12 16 15 16 13 37 21 23 23 22 22 21 22 22 23 21 23 22 23 22 23 22 23 22 22 21 21 22 22 22 22 23 23 22 22 163 14 14 13 14 11 15 37 22 21 21 22 21 22 21 23 21 23 22 23 22 
23 21 23 21 23 21 23 22 23 22 23 22 23 21 22 21 21 21 23 22 22 21 23 23 22 22 22 21 21 21 23 21 23 22 22 22 23 22 21 23 21 35 11 11 14 11 16 15 15 37 23 21 21 22 23 23 22 21 21 21 23 22 21 22 23 23 22 22 22 21 23 22 21 23 22 22 21 23 21 164 12 11 12 13 12 16 37 22 21 22 23 22 22 23 21 23 22 23 23 21 
21 22 22 21 21 23 22 23 21 22 23 22 21 22 21 21 23 21 23 21 22 23 23 22 23 23 21 22 21 23 22 21 22 23 23 23 22 21 23 23 22 165 12 13 13 13 13 14 14 37 21 21 21 21 21 21 22 23 21 22 21 21 22 23 23 21 23 22 21 23 22 23 22 21 22 21 21 23 22 35 15 16 15 13 14 12 37 23 22 21 23 22 22 21 23 22 23 22 23 22 
21 23 21 22 23 21 22 21 22 23 21 21 23 21 23 22 21 22 22 23 23 21 22 22 21 22 21 21 21 23 23 21 23 22 23 22 23 22 21 21 23 166 14 15 15 13 15 13 16 37 21 22 23 23 23 22 23 21 23 23 21 21 23 21 21 23 22 21 22 22 22 23 23 21 21 22 22 23 21 35 12 11 15 11 14 15 37 23 22 22 23 22 21 21 22 21 22 23 21 21 
21 23 23 22 23 23 21 23 22 23 21 23 23 21 21 23 21 23 23 23 21 22 21 23 23 23 21 22 23 22 22 23 21 22 22 21 21 22 22 22 167 168 15 12 11 14 15 15 11 37 23 21 23 22 23 23 23 22 23 23 22 21 22 21 22 21 22 21 23 21 22 22 22 22 21 23 22 22 22 35 11 15 12 13 16 14 37 23 22 23 21 21 22 23 21 21 21 23 22 21 
21 21 21 23 23 22 21 23 22 23 22 21 169 33 33 33 33 33 33 33 33 33 33 33 33 33 33 33 33 33 33 33 33 33 33 33 33 33 170 171 172 12 12 15 12 11 12 11 16 37 22 22 23 21 21 21 21 23 21 22 23 22 23 23 22 23 22 23 23 23 23 23 23 22 21 22 23 22 21 35 14 14 15 15 11 13 37 21 21 23 23 21 22 23 23 21 22 21 21 21 
21 21 23 21 23 23 22 23 173 174 175 176 177 12 16 15 12 13 12 14 16 12 16 13 13 16 13 11 12 15 11 16 14 15 11 15 13 14 14 14 14 14 15 16 15 14 12 16 15 37 23 21 21 22 21 23 21 21 23 22 22 22 23 21 23 22 21 21 22 22 22 23 22 22 22 22 23 23 23 35 16 12 15 14 15 14 37 21 22 22 21 21 21 23 23 23 23 22 22 22 
23 21 23 21 23 23 178 179 180 15 13 14 15 12 15 12 13 13 13 15 15 13 16 13 11 14 13 16 13 11 13 12 16 15 11 12 13 11 12 15 13 14 16 15 13 14 16 15 15 37 23 21 23 23 23 22 23 23 23 23 22 21 22 23 23 22 21 22 21 21 21 22 23 21 21 22 21 22 22 35 16 13 14 11 13 13 37 23 21 23 21 21 22 23 22 22 21 23 23 21 
21 23 23 21 22 181 180 13 15 12 15 12 14 13 11 14 15 11 16 11 15 15 11 13 16 12 15 15 14 13 14 13 15 14 13 14 12 14 16 16 14 12 15 11 13 15 13 11 182 183 21 22 21 23 21 22 22 21 22 21 22 22 22 23 23 23 23 22 21 21 21 21 21 21 23 22 22 22 22 165 14 15 12 14 13 15 37 22 22 21 23 23 21 21 21 23 23 21 22 21 
23 22 22 21 184 185 13 13 15 13 12 16 11 16 12 13 15 13 15 13 15 16 16 15 13 15 15 12 11 16 12 14 14 15 13 12 12 13 14 16 15 14 14 13 13 13 13 16 186 22 22 22 23 22 23 21 23 22 21 21 23 21 22 21 21 21 21 23 23 21 22 23 21 22 21 21 21 23 21 166 11 15 13 13 15 11 37 23 23 23 21 21 21 23 22 23 21 23 23 22 
22 23 22 187 188 16 16 13 11 16 14 13 12 11 13 14 13 13 13 11 16 16 15 16 14 12 14 12 11 12 15 14 13 16 11 15 14 14 16 12 14 13 12 13 13 13 11 13 189 22 23 23 22 23 21 22 23 21 23 21 21 21 22 23 21 22 21 21 22 21 23 21 22 22 22 22 22 21 167 168 16 14 14 12 14 16 37 22 22 22 21 23 22 22 21 22 21 23 23 22 
21 21 22 190 13 16 16 11 11 12 12 12 11 11 13 14 16 16 11 14 12 15 12 14 16 13 15 13 13 15 13 16 14 13 12 16 12 11 16 16 12 16 15 16 16 15 11 191 192 21 21 21 22 23 21 22 21 21 21 169 33 33 33 33 33 33 33 33 33 33 33 33 33 33 33 33 170 171 172 13 13 12 16 13 15 13 37 22 23 22 21 21 22 21 23 21 22 23 22 23 
23 23 22 193 12 15 12 15 13 12 15 14 13 16 13 12 12 15 12 15 14 11 16 15 15 11 11 11 13 13 12 16 14 12 12 15 16 13 13 13 12 15 14 14 194 195 196 192 21 21 23 21 22 21 23 173 174 175 176 177 13 14 13 11 11 13 15 11 16 12 16 13 13 11 14 11 14 16 13 16 15 15 11 13 13 14 37 22 21 22 21 21 22 21 23 22 22 21 22 22 
23 21 154 155 11 13 13 15 16 13 13 13 13 16 197 198 199 200 201 31 31 31 31 31 31 31 31 31 31 31 31 31 31 31 31 31 31 31 31 31 31 31 31 31 202 21 21 21 21 21 21 23 22 178 179 180 11 14 12 15 11 13 12 11 16 13 12 16 13 11 12 15 13 15 11 15 11 11 13 15 11 13 16 12 16 182 183 23 23 23 23 23 23 21 22 21 21 21 23 21 
23 22 35 14 12 14 16 16 12 13 14 12 15 203 204 22 22 22 22 23 21 21 21 22 21 23 21 22 21 21 23 22 21 23 22 23 21 23 23 22 22 21 22 22 23 21 21 21 22 23 22 23 181 180 16 15 11 14 14 12 13 15 16 15 13 13 13 11 13 13 14 12 15 16 16 13 11 15 13 15 14 11 14 15 11 186 22 21 22 22 22 21 22 23 21 21 23 22 23 21 
21 21 35 11 13 16 16 16 13 14 15 13 205 206 22 23 21 21 22 22 22 22 21 21 23 22 22 23 23 22 22 21 23 22 21 21 23 21 23 22 21 23 23 23 23 22 23 21 22 21 23 184 185 16 15 16 16 15 12 14 14 15 11 16 16 14 15 11 12 14 15 15 16 16 13 15 13 13 11 15 16 13 12 16 12 189 21 23 22 22 22 23 23 23 21 22 23 22 23 21 
23 23 35 12 16 16 15 12 12 15 14 12 207 23 21 21 22 21 21 22 23 23 23 23 22 22 23 21 21 23 22 23 23 23 23 22 23 23 23 21 21 21 22 22 21 23 21 22 23 21 187 188 13 13 14 16 12 12 15 15 13 15 12 16 12 14 15 15 15 11 15 12 12 12 15 14 14 16 16 14 14 13 15 14 191 192 23 22 21 23 22 22 22 21 21 23 21 23 23 22 
22 21 35 13 16 12 12 15 14 15 12 13 208 22 21 21 21 23 21 22 22 22 21 21 23 22 22 21 21 23 23 23 22 22 21 22 21 23 21 22 23 23 21 23 22 21 21 21 21 22 190 15 13 13 15 13 15 13 12 13 14 12 12 11 11 14 14 16 11 16 16 16 13 13 16 16 12 12 16 12 13 194 195 196 192 21 23 22 21 22 22 23 22 21 22 22 23 21 22 23 
21 23 35 15 14 13 12 11 15 15 14 12 37 21 22 22 22 21 23 22 23 23 21 21 22 22 22 23 21 21 23 22 21 23 22 23 21 21 21 21 23 23 21 21 23 21 23 22 21 22 193 14 14 11 14 12 16 13 197 198 199 200 201 31 31 31 31 31 31 31 31 31 31 31 31 31 31 31 31 31 31 202 21 22 23 21 22 21 22 21 22 21 22 23 22 23 22 21 23 23 
22 21 35 15 11 13 13 13 14 11 16 15 37 23 23 23 21 22 21 23 21 23 23 23 23 22 23 22 21 22 21 22 23 23 22 21 23 21 22 22 21 22 23 21 22 23 23 23 22 154 155 11 11 13 16 16 16 203 204 21 22 23 22 23 22 23 21 21 22 23 23 22 21 21 21 22 22 21 22 21 23 22 22 23 22 22 22 23 22 22 21 21 22 23 21 21 23 21 22 21 
21 21 35 16 15 14 14 11 11 12 15 15 37 22 21 21 22 23 23 23 23 22 23 23 23 21 21 21 22 23 22 22 23 23 22 21 21 21 22 22 22 23 23 23 22 21 22 23 21 35 11 14 13 16 13 11 205 206 23 21 21 23 21 23 22 22 23 22 21 21 23 22 22 22 23 22 22 21 23 21 22 23 21 22 23 21 22 23 21 21 21 22 21 22 22 21 21 23 23 22 
23 22 35 13 15 14 11 16 11 11 15 11 37 22 22 22 21 22 22 22 22 21 23 23 23 22 21 22 22 22 21 21 21 21 23 21 22 22 22 22 22 22 22 23 21 23 21 23 23 35 16 15 11 11 12 11 207 21 21 22 23 22 21 21 23 22 21 22 23 21 23 22 22 22 21 23 21 22 21 22 22 23 22 23 23 23 22 21 23 22 23 23 21 21 23 21 23 22 23 23 
22 23 35 11 14 16 12 11 11 14 15 16 37 22 21 22 22 21 21 21 22 22 22 22 21 21 23 21 21 23 22 21 23 21 22 23 21 21 22 22 22 23 23 21 22 21 22 21 23 35 14 12 15 15 16 11 208 22 21 21 23 22 21 22 23 21 23 21 21 21 22 21 22 21 23 23 22 23 21 22 21 23 22 22 22 21 22 23 23 23 21 23 22 22 22 21 22 22 22 23 
23 23 35 16 15 14 13 12 13 13 13 11 37 23 22 22 22 21 22 21 21 21 23 22 21 21 23 21 22 22 23 23 22 23 21 21 21 21 21 23 21 21 23 21 21 22 23 23 23 35 15 14 13 11 16 14 37 21 21 22 22 22 23 21 23 21 21 23 22 22 21 23 22 22 21 21 23 22 23 23 22 22 21 22 23 21 22 21 23 23 22 21 21 22 23 21 23 23 21 22 
22 22 35 15 13 14 13 11 13 15 14 15 37 23 23 23 22 23 21 23 21 23 23 23 21 22 23 21 22 22 23 23 22 23 22 21 23 22 23 21 22 22 22 21 22 22 21 21 23 35 11 11 11 15 14 16 37 23 22 23 23 21 23 23 23 21 22 22 21 22 21 23 23 23 22 22 21 21 21 21 22 23 22 22 23 23 23 21 23 22 23 23 23 22 23 23 23 22 22 23 
21 22 35 11 14 11 13 13 11 16 15 12 37 21 21 22 21 22 21 23 22 22 23 22 21 22 22 21 21 21 23 23 22 21 22 22 23 23 21 22 22 22 23 23 23 22 21 21 23 35 16 15 12 11 14 14 37 22 22 22 23 22 21 22 23 22 23 21 21 22 23 21 22 21 23 21 22 21 23 23 21 23 22 22 21 23 22 22 22 21 21 21 21 21 23 23 22 22 23 22 
22 23 35 14 13 15 11 11 13 14 11 15 37 23 23 22 21 22 21 21 21 23 21 22 23 21 23 23 23 22 23 23 22 21 23 22 21 21 23 21 21 21 22 23 23 23 22 21 21 35 14 14 14 13 15 12 37 21 23 22 23 23 21 22 22 22 22 22 21 22 23 23 21 23 21 22 21 21 21 23 23 22 23 23 23 21 22 23 21 22 21 21 22 22 23 23 21 22 22 22 
22 21 35 13 16 15 13 14 16 15 16 12 37 21 21 23 23 22 23 23 21 23 22 21 23 23 21 23 23 21 22 21 21 21 23 23 23 22 22 21 21 21 23 23 21 22 22 22 23 35 15 15 11 14 16 15 37 22 22 22 21 21 21 23 23 21 21 23 21 23 21 22 21 22 21 21 22 21 23 21 23 23 22 21 23 21 23 22 23 22 21 21 23 22 21 23 23 22 22 23 
22 23 35 15 13 11 13 14 15 13 15 13 37 21 21 23 21 22 23 22 23 22 23 21 23 23 23 21 22 22 23 21 22 22 23 21 21 23 23 22 23 23 23 22 23 22 22 22 23 35 14 11 12 16 13 13 37 23 21 22 23 22 22 22 23 23 21 23 21 21 21 21 21 23 23 23 22 21 21 21 23 21 22 23 23 23 23 23 22 23 22 22 23 23 22 22 23 22 22 23 
21 22 35 13 11 12 11 14 14 12 16 12 37 22 23 21 21 23 23 23 22 21 21 23 21 23 21 22 22 23 23 23 21 21 22 21 21 21 22 23 22 23 22 23 21 22 21 22 21 35 14 13 13 16 13 209 210 21 23 22 22 22 23 21 21 23 22 23 22 23 21 23 21 23 21 22 22 22 23 21 23 22 22 23 22 23 22 21 23 21 23 21 22 23 22 21 22 21 21 21 
21 21 35 13 14 11 11 13 15 15 16 16 37 21 22 22 21 21 21 23 22 21 22 21 22 21 23 23 21 22 21 21 22 21 23 22 23 23 23 22 22 21 22 22 23 21 23 21 21 35 11 16 16 11 14 13 113 22 22 23 22 23 22 23 22 21 23 21 23 22 21 22 22 22 23 21 23 22 23 23 22 21 23 23 21 21 21 23 23 23 21 22 21 22 22 23 23 22 21 22 
21 21 35 14 16 13 14 11 13 12 13 13 37 22 21 21 21 21 21 22 21 22 22 21 21 22 23 22 21 23 23 21 21 21 21 23 21 21 23 22 23 22 21 21 21 21 21 21 21 154 155 12 13 12 16 15 112 115 23 21 23 23 23 21 22 23 21 23 21 22 22 22 22 22 21 23 21 21 23 21 23 21 23 23 22 23 22 23 22 23 23 21 22 23 21 21 23 22 21 21 
21 21 35 15 12 15 13 12 13 11 15 15 37 23 22 22 23 21 22 23 21 23 22 21 21 21 21 22 21 21 23 21 22 23 21 21 22 21 21 22 21 22 23 22 21 22 21 21 23 22 131 126 11 11 12 12 11 112 113 22 22 23 23 23 23 22 22 22 22 23 23 22 23 21 23 21 22 23 23 23 21 22 21 21 23 22 21 22 21 23 21 21 23 21 23 23 23 21 22 23 
21 22 35 14 11 15 14 15 16 16 13 12 37 22 21 22 23 21 21 22 23 22 22 21 22 21 22 22 23 21 21 21 23 22 22 21 22 23 22 22 23 23 22 22 21 22 22 21 23 22 22 136 126 11 11 13 11 13 112 115 23 23 22 21 23 22 21 21 21 21 21 22 21 21 21 22 23 22 23 23 21 22 21 21 21 23 21 22 23 22 22 23 21 23 21 21 22 22 21 22 
22 23 35 11 11 14 13 12 16 11 14 13 37 22 21 23 23 21 23 23 23 23 22 21 23 23 21 23 23 23 21 22 22 21 22 23 21 22 23 22 22 23 23 21 21 23 23 21 21 21 23 22 136 126 13 12 15 12 11 112 115 21 22 22 23 22 21 23 23 22 23 23 21 22 22 22 21 23 23 23 23 22 23 22 22 21 23 22 22 22 23 21 22 22 22 23 21 22 22 23 
21 22 35 11 14 16 15 16 13 12 15 16 37 22 21 23 21 21 21 23 22 23 22 23 23 21 21 22 21 22 23 23 23 21 21 23 22 23 22 21 23 21 23 21 23 21 23 23 21 21 23 23 23 131 126 14 15 11 15 11 112 113 22 22 22 23 22 22 23 23 21 22 23 23 23 23 21 23 23 23 23 23 23 21 21 22 23 23 22 23 23 22 21 22 21 23 22 23 22 21 
22 22 35 13 15 15 16 12 16 13 12 15 37 23 22 22 23 22 23 23 22 23 23 23 21 23 22 21 21 23 21 22 23 23 21 21 22 21 21 21 23 23 23 23 22 22 21 22 23 21 21 22 21 21 131 126 14 12 14 15 12 112 115 21 21 23 23 22 23 21 22 22 22 23 23 21 22 22 23 21 21 21 22 21 22 23 22 23 21 23 21 22 22 23 23 23 22 23 22 22 
21 21 35 11 16 16 11 16 15 16 11 13 37 23 21 22 23 23 21 22 22 23 22 22 21 23 21 21 23 21 21 22 23 22 22 22 21 22 22 21 21 22 21 23 22 22 22 22 21 23 21 23 22 22 22 136 126 13 15 13 11 16 112 113 23 22 22 21 23 22 22 21 23 21 22 22 23 23 22 22 21 21 21 22 21 21 21 23 23 22 23 22 21 23 21 22 22 21 23 22 
22 22 35 16 12 15 12 16 15 14 15 11 37 21 23 21 23 21 22 23 23 21 22 23 22 23 22 21 22 21 22 21 23 23 22 23 21 22 21 21 21 22 23 21 23 23 22 22 23 23 22 22 21 23 21 23 136 126 13 13 14 15 11 112 115 22 23 21 22 23 23 23 21 21 21 21 22 21 22 22 23 23 23 22 23 21 21 21 23 22 23 21 21 22 23 23 23 23 23 23 
22 21 35 12 15 12 16 13 15 13 14 16 37 22 23 23 21 23 23 22 23 21 23 21 22 21 22 21 23 22 23 21 21 23 22 23 21 23 22 21 22 21 21 22 23 22 22 21 22 22 22 22 23 21 23 21 23 131 126 14 15 16 13 16 112 115 21 21 22 22 23 22 23 22 23 21 23 22 23 23 21 22 21 22 21 23 21 23 21 23 22 23 23 23 21 23 22 21 21 23 
23 21 35 16 12 15 16 13 13 11 11 13 211 22 22 23 21 22 22 21 23 21 21 21 23 21 23 21 21 23 22 22 22 21 23 22 23 22 23 23 21 21 23 23 23 23 23 21 21 22 21 23 22 22 23 23 21 21 131 126 11 12 13 15 11 112 113 22 23 23 22 23 21 21 23 22 22 23 22 21 22 22 21 21 22 23 21 21 22 21 21 22 22 22 21 21 23 22 22 23 
21 21 35 13 15 14 16 11 13 13 11 14 212 22 22 23 23 21 22 21 22 23 22 22 23 23 21 21 23 21 22 22 21 23 21 23 22 21 23 23 21 23 23 23 22 22 22 22 23 23 22 22 23 23 23 23 23 21 21 136 126 13 12 16 11 13 112 115 22 21 22 22 23 22 21 21 22 21 23 22 22 22 23 22 22 22 23 22 22 21 22 21 21 23 23 23 22 21 22 22 
22 21 35 13 12 16 14 16 15 14 11 13 213 214 215 33 33 33 33 33 33 33 33 33 33 33 33 33 33 216 217 23 22 23 22 21 21 22 23 22 22 21 22 23 21 21 22 21 22 23 22 21 21 22 23 21 22 23 23 23 136 126 13 14 12 12 13 112 113 21 22 22 23 22 23 22 23 23 22 21 21 23 21 23 21 23 21 22 21 21 22 23 21 22 22 23 22 21 22 23 
23 21 35 11 13 15 11 14 15 14 12 13 13 16 16 12 16 16 14 11 13 14 16 16 11 11 14 15 14 218 219 220 221 22 23 23 21 21 21 23 23 22 22 21 23 23 23 22 22 23 21 22 23 21 22 22 22 21 22 23 23 131 126 12 11 16 15 12 112 115 23 23 22 21 23 21 22 22 23 21 21 23 23 21 21 21 22 23 21 21 23 23 22 21 23 22 21 21 22 22 
22 22 35 14 14 12 11 16 14 15 13 15 14 15 15 12 12 12 16 15 15 11 15 15 14 15 15 12 15 13 12 11 222 22 23 23 23 22 23 22 22 23 21 23 21 21 21 22 23 23 22 21 22 21 23 21 21 22 23 23 21 22 131 126 11 15 11 11 11 112 113 21 22 21 23 21 21 22 21 21 23 23 23 22 22 22 21 23 22 23 21 23 21 23 22 22 23 21 21 23 
21 21 35 11 16 15 12 11 13 13 14 16 13 16 13 11 12 12 14 15 16 12 11 16 12 16 11 14 12 15 12 13 223 22 22 23 22 22 21 22 21 21 23 23 23 23 23 22 22 21 23 21 21 21 21 23 21 21 22 22 21 23 21 131 126 14 13 15 16 14 112 115 23 22 23 21 23 23 21 21 23 21 22 22 22 21 23 22 22 21 23 23 21 21 21 22 23 21 22 22 
21 23 224 11 14 11 16 15 11 16 13 11 16 16 15 14 12 11 16 12 13 14 14 15 12 11 12 14 13 13 14 16 225 226 23 23 23 23 21 23 21 21 23 23 23 22 21 22 21 22 22 21 23 21 22 23 23 21 21 22 22 22 21 22 136 126 14 11 11 11 11 112 113 22 23 23 21 23 23 23 21 23 21 22 22 23 23 21 21 22 22 21 22 22 23 23 23 21 22 21 
21 23 227 228 14 15 16 14 14 13 13 14 15 15 13 16 16 14 13 15 16 14 13 15 12 15 13 11 15 14 11 11 15 37 22 21 23 23 23 23 21 22 21 21 21 22 21 21 21 23 23 23 22 21 23 21 23 22 21 23 21 21 21 21 23 136 126 12 12 13 15 12 112 115 22 23 21 22 23 22 21 23 23 22 22 23 22 21 21 21 21 21 23 22 21 23 23 22 21 23 
21 23 229 230 12 16 12 12 12 12 11 15 16 15 15 15 16 11 12 11 12 13 12 14 13 15 16 11 12 15 11 13 15 37 21 23 21 21 21 22 22 23 21 23 23 22 21 22 22 22 21 23 22 21 21 22 22 23 21 23 22 23 23 22 22 21 131 126 12 14 14 13 12 112 115 23 22 23 23 22 21 22 22 22 23 22 22 22 21 23 23 22 22 21 21 21 22 22 22 21 
22 21 21 231 232 13 16 11 15 13 13 15 11 15 14 12 16 16 15 16 16 15 15 13 13 11 14 11 15 16 12 11 13 37 22 22 22 21 22 22 23 21 22 22 23 23 22 21 21 23 23 233 33 33 33 33 33 33 33 234 23 22 21 21 21 21 22 235 236 237 12 13 13 15 112 113 21 22 23 23 21 21 21 22 23 21 21 21 23 23 21 23 21 21 23 22 23 22 22 21 
22 21 22 22 238 239 240 241 242 13 13 14 14 14 13 14 15 11 11 13 14 15 11 15 16 11 13 12 13 14 15 14 11 37 23 23 22 22 23 23 23 22 23 22 23 23 22 21 21 21 243 244 11 15 14 14 13 16 13 245 246 247 248 22 22 22 21 23 23 249 250 11 13 15 16 12 251 23 21 22 21 22 21 22 22 22 21 22 23 21 21 22 22 21 23 21 23 21 21 22 
21 21 21 22 22 22 22 252 253 31 31 31 31 31 31 31 31 31 31 31 31 31 31 31 254 255 16 12 15 12 12 12 11 37 21 23 22 22 22 22 23 23 22 21 23 21 23 23 21 256 257 11 11 11 12 14 13 16 13 14 16 12 258 259 21 22 21 22 22 22 260 261 14 13 11 16 262 23 21 22 21 22 22 21 22 21 21 23 21 22 22 22 22 22 22 22 22 21 23 21 
22 21 22 21 23 23 22 22 22 23 22 22 22 23 23 22 21 23 21 22 22 23 22 23 22 263 264 14 15 11 15 15 14 37 21 23 21 22 22 23 21 22 21 23 23 23 22 23 265 257 12 16 13 15 15 16 14 11 12 13 13 15 15 266 21 22 21 22 22 21 22 267 16 12 11 16 268 269 21 22 23 23 22 23 21 23 22 21 22 21 23 22 22 22 22 22 22 22 23 23 
22 23 21 22 21 21 22 23 21 22 22 22 23 21 21 23 21 23 23 23 21 21 22 23 22 22 270 14 16 13 15 13 11 37 21 21 23 22 22 22 21 22 23 23 21 23 23 256 271 14 15 16 15 13 13 12 11 16 12 16 14 13 16 272 21 21 22 21 21 23 21 273 14 14 15 14 11 274 23 21 21 22 23 23 22 21 21 22 21 23 22 23 21 21 21 23 21 22 22 21 
23 23 23 21 23 21 23 21 21 23 21 21 22 22 23 23 23 21 21 21 23 23 22 21 21 23 35 14 12 12 12 15 14 37 21 22 22 21 23 22 22 23 21 23 21 23 256 257 12 15 13 15 15 12 16 16 11 11 13 15 13 14 11 275 21 23 22 22 21 21 276 277 14 15 16 12 14 278 22 23 21 21 23 23 22 22 21 21 23 23 23 22 21 21 23 21 21 23 22 21 
23 22 22 23 22 21 23 21 21 22 23 21 22 23 21 23 23 22 22 22 22 21 23 23 22 21 35 11 16 16 16 14 12 37 21 22 23 23 22 22 21 23 23 21 21 265 257 12 14 15 15 13 14 279 280 281 282 283 284 13 12 12 15 285 286 23 22 23 23 287 288 16 13 16 16 16 16 289 21 21 22 21 23 23 21 22 23 21 21 21 21 23 21 21 23 23 23 22 22 23 
22 23 22 21 22 22 21 22 21 22 23 23 22 23 22 22 22 22 22 22 23 21 21 23 22 21 35 14 14 16 16 14 11 37 22 22 22 21 22 23 23 22 21 22 256 271 12 12 14 14 11 14 279 290 23 22 22 21 291 16 14 16 12 15 292 293 294 295 296 297 11 13 14 11 11 12 298 299 22 23 21 23 21 23 22 21 23 21 23 22 22 21 22 22 21 21 22 22 21 23 
22 23 21 23 22 23 21 23 21 22 23 22 23 21 21 22 21 21 22 23 23 22 21 21 21 22 35 12 13 16 13 13 11 37 23 21 21 22 21 21 22 22 21 265 257 12 11 16 12 12 14 300 290 23 21 21 22 23 301 16 16 12 13 11 11 14 14 13 16 13 13 11 13 11 12 14 302 22 21 21 23 22 21 22 21 21 22 21 22 23 22 21 21 23 22 22 23 23 23 23 
22 23 22 21 22 22 22 22 22 22 23 22 21 23 23 22 21 21 23 23 22 21 22 23 23 23 35 14 13 15 11 12 11 211 23 23 21 23 23 23 21 21 256 271 15 14 15 16 11 13 279 303 22 22 21 21 22 23 304 305 15 13 15 12 16 11 15 12 15 16 12 13 11 14 12 306 307 23 21 23 21 22 21 23 22 22 23 23 23 22 22 22 21 23 21 21 21 21 22 23 
22 23 21 22 23 21 22 21 21 22 22 22 21 22 22 21 21 22 21 21 23 22 23 21 22 21 35 11 11 12 13 13 11 212 21 23 22 23 21 21 22 256 257 15 12 16 16 13 15 300 303 22 23 23 21 22 21 23 23 308 13 16 13 11 15 13 13 11 15 13 14 16 15 12 309 310 21 22 23 23 21 23 23 23 22 21 21 21 22 22 22 21 22 22 22 21 22 23 21 21 
21 21 21 23 21 23 21 21 21 21 23 21 21 23 22 22 21 23 21 23 21 22 21 23 23 22 35 15 13 12 12 14 11 213 214 215 33 33 33 33 265 271 12 12 13 15 15 14 279 290 21 21 21 23 22 22 23 23 23 311 312 313 12 15 11 15 16 13 12 11 15 12 15 314 315 22 21 21 23 21 21 22 21 23 23 21 23 23 22 21 22 23 21 22 23 22 22 23 21 21 
23 21 21 23 22 23 21 23 21 23 22 21 22 22 21 22 23 21 22 21 21 21 22 22 23 21 35 14 14 14 12 12 12 12 11 14 11 13 14 11 11 15 13 14 16 11 15 300 303 22 21 23 21 23 21 22 21 22 21 22 23 316 317 318 319 15 13 12 11 14 320 321 322 323 23 22 21 21 21 22 22 22 21 21 23 23 21 22 23 23 22 21 22 22 22 22 21 21 21 21 
22 23 22 23 21 23 22 21 23 23 23 22 22 23 22 22 21 23 21 23 22 22 23 21 22 22 224 13 16 15 13 13 15 16 16 12 14 15 14 14 15 14 11 16 15 11 300 290 21 23 21 21 21 21 23 21 21 21 23 21 21 22 22 23 324 31 31 31 31 31 325 326 22 21 23 21 21 23 23 21 22 21 21 23 23 23 23 21 23 22 22 22 23 22 22 21 22 22 21 23 
23 23 23 21 22 23 23 22 21 22 22 22 21 23 21 21 23 21 22 22 22 21 23 22 22 22 227 228 13 11 13 11 14 16 11 13 15 12 13 12 11 16 13 15 15 279 303 21 22 22 22 21 23 23 21 22 21 21 21 22 21 21 22 21 21 22 21 23 22 23 22 23 21 23 22 21 22 22 22 21 23 23 22 23 23 23 22 23 21 22 22 22 23 23 22 21 23 23 23 22 
22 23 21 22 22 21 23 23 22 22 21 21 22 23 22 21 22 23 21 23 22 23 22 22 22 21 229 230 16 15 13 13 11 16 12 11 14 11 14 11 11 12 13 11 300 327 21 21 21 22 22 21 22 22 21 21 21 23 23 21 23 23 23 23 23 23 22 22 22 21 23 22 22 23 22 22 22 23 22 22 22 21 23 23 23 21 23 22 23 23 23 23 22 22 23 22 22 22 21 23 
23 23 22 21 21 21 22 22 23 21 21 22 22 21 21 22 22 22 23 22 21 23 22 21 22 21 22 231 232 11 16 15 11 15 15 13 13 15 14 15 11 14 16 300 303 22 23 21 23 21 23 22 23 23 23 21 23 21 22 22 22 23 23 22 22 21 23 23 23 23 23 21 22 23 22 21 21 22 23 21 22 23 22 22 22 21 23 22 22 21 21 21 21 23 22 22 23 22 22 21 
23 21 21 21 21 22 22 22 21 21 23 23 21 21 22 23 22 21 22 21 22 21 21 22 23 23 21 21 238 239 240 241 242 16 12 11 12 11 15 13 14 14 14 303 22 22 23 21 21 23 23 22 23 22 23 23 22 22 23 21 21 23 21 21 23 23 21 21 21 21 23 23 22 21 22 21 22 22 23 21 21 22 23 22 23 21 21 21 22 23 22 23 23 23 21 21 22 22 21 21 
23 21 21 21 22 22 23 22 21 22 22 22 23 21 23 23 22 21 21 21 21 23 21 23 22 22 23 21 21 22 21 252 253 31 31 31 31 31 31 31 31 31 31 21 23 23 22 22 22 21 21 23 23 22 21 22 23 21 22 22 22 22 23 22 21 21 22 23 22 22 21 23 21 22 21 21 21 23 23 23 21 23 22 23 21 23 22 22 21 23 23 22 21 23 23 23 23 21 22 21 
23 23 22 21 23 22 22 23 21 21 23 21 21 22 21 22 21 22 23 22 21 23 23 22 22 23 22 21 22 22 23 22 21 21 23 23 23 22 21 21 23 23 21 21 22 22 23 23 23 23 22 21 21 21 22 22 22 21 21 23 22 21 21 23 21 21 21 21 22 21 21 22 21 22 22 22 23 22 22 22 22 21 22 22 21 21 21 23 22 22 22 23 22 21 21 23 21 21 23 23 
22 23 22 22 21 23 21 23 22 23 22 21 23 23 23 21 21 21 22 22 23 23 23 22 21 21 22 22 22 22 22 23 23 23 21 23 23 22 21 21 22 22 22 22 23 21 23 21 22 21 23 22 21 23 23 22 23 22 21 21 21 22 21 21 21 22 23 23 21 21 22 23 21 23 22 23 22 22 21 21 23 23 22 21 23 22 23 23 22 23 21 23 22 21 23 23 23 23 22 22 
21 21 22 21 22 23 21 23 22 21 21 21 21 23 22 21 21 22 21 22 22 21 21 23 22 21 22 23 21 22 21 22 22 23 23 23 22 23 23 21 21 23 23 21 22 21 23 21 21 23 23 22 21 22 22 22 22 21 22 23 22 23 21 22 22 23 21 22 23 22 22 23 22 21 22 22 23 21 22 23 23 22 22 21 23 23 23 23 22 22 22 23 21 23 21 21 22 23 22 23 
22 21 22 23 22 21 22 22 22 21 22 22 23 23 22 23 21 22 22 22 21 21 22 22 21 23 22 23 23 21 22 21 22 22 23 21 23 23 22 22 23 21 21 22 23 23 22 21 22 21 22 22 22 21 23 22 21 23 23 23 23 22 23 21 23 23 22 23 22 21 22 22 21 22 21 22 22 23 22 23 21 22 21 22 23 22 22 23 21 22 22 21 23 22 22 21 21 21 21 21 
