23 22 23 23 21 23 23 22 23 23 21 23 23 22 23 23 21 23 23 22 23 23 21 23 23 22 23 23 21 23 23 22 23 23 21 23 23 22 23 23 21 23 23 22 23 23 21 23 23 22 23 23 21 23 23 22 23 23 21 23 23 22 23 23 21 23 23 22 23 23 21 23 23 22 23 23 21 23 23 22 23 23 21 23 23 22 23 23 21 23
23 22 23 23 21 23 23 22 23 23 21 23 23 22 23 23 21 23 23 22 23 23 21 23 23 22 23 23 21 23 23 22 23 23 21 23 23 22 23 23 21 23 23 22 23 23 21 23 23 22 23 23 21 23 23 22 23 23 21 23 23 22 23 23 21 23 23 22 23 23 21 23 23 22 23 23 21 23 23 22 23 23 21 23 23 22 23 23 21 23
23 22 23 23 21 23 23 22 23 23 21 23 23 22 23 23 21 23 23 22 23 23 21 23 23 22 23 23 21 23 23 22 23 23 21 23 23 22 23 23 21 23 23 22 23 23 21 23 23 22 23 23 21 23 23 22 23 23 21 23 23 22 23 23 21 23 23 22 23 23 21 23 23 22 23 23 21 23 23 22 23 23 21 23 23 22 23 23 21 23
23 22 23 23 21 23 23 22 23 23 21 23 23 22 23 23 21 23 23 22 23 23 21 23 23 22 23 23 21 23 23 22 23 23 21 23 23 22 23 23 21 23 23 22 23 23 21 23 23 22 23 23 21 23 23 22 23 23 21 23 23 22 23 23 21 23 23 22 23 23 21 23 23 22 23 23 21 23 23 22 23 23 21 23 23 22 23 23 21 23
23 22 23 23 21 23 23 22 23 23 21 23 23 22 23 23 21 23 23 22 23 23 21 23 23 22 23 23 21 23 23 22 23 23 21 23 23 22 23 23 21 23 23 22 23 23 21 23 23 22 23 23 21 23 23 22 23 23 21 23 23 22 23 23 21 23 23 22 23 23 21 23 23 22 23 23 21 23 23 22 23 23 21 23 23 22 23 23 21 23
23 22 23 23 21 23 23 22 23 23 21 23 23 22 23 23 21 23 23 22 23 23 21 23 23 22 23 23 21 23 23 22 23 23 21 23 23 22 23 23 21 23 23 22 23 23 21 23 23 22 23 23 21 23 23 22 23 23 21 23 23 22 23 23 21 23 23 22 23 23 21 23 23 22 23 23 21 23 23 22 23 23 21 23 23 22 23 23 21 23
23 22 23 23 21 23 23 22 23 23 21 23 23 22 23 23 21 23 23 22 23 23 21 23 23 22 23 23 21 23 23 22 23 23 21 23 23 22 23 23 21 23 23 22 23 23 21 23 23 22 23 23 21 23 23 22 23 23 21 23 23 22 23 23 21 23 23 22 23 23 21 23 23 22 23 23 21 23 23 22 23 23 21 23 23 22 23 23 21 23
23 22 23 23 21 23 23 22 23 23 21 23 23 22 23 23 21 23 23 22 23 23 21 23 23 22 23 23 21 23 23 22 23 23 21 23 23 22 23 23 21 23 23 22 23 23 21 23 23 22 23 23 21 23 23 22 23 23 21 23 23 22 23 23 21 23 23 22 23 23 21 23 23 22 23 23 21 23 23 22 23 23 21 23 23 22 23 23 21 23
23 22 23 23 21 23 23 22 23 23 21 23 23 22 23 23 21 23 23 22 23 23 21 23 23 22 23 23 21 23 23 22 23 23 21 23 23 22 23 23 21 23 23 22 23 23 21 23 23 22 23 23 21 23 23 22 23 23 21 23 23 22 23 23 21 23 23 22 23 23 21 23 23 22 23 23 21 23 23 22 23 23 21 23 23 22 23 23 21 23
23 22 23 23 21 23 23 22 23 23 21 23 23 22 23 23 21 23 23 22 23 23 21 23 23 22 23 23 21 23 23 22 23 23 21 23 23 22 23 23 21 23 23 22 23 23 21 23 23 22 23 23 21 23 23 22 23 23 21 23 23 22 23 23 21 23 23 22 23 23 21 23 23 22 23 23 21 23 23 22 23 23 21 23 23 22 23 23 21 23
23 22 23 23 21 23 23 22 23 23 21 23 23 22 23 23 21 23 23 22 23 23 21 23 23 22 23 23 21 23 23 22 23 23 21 23 23 22 23 23 21 23 23 22 23 23 21 23 23 22 23 23 21 23 23 22 23 23 21 23 23 22 23 23 21 23 23 22 23 23 21 23 23 22 23 23 21 23 23 22 23 23 21 23 23 22 23 23 21 23
23 22 23 23 21 23 23 22 23 23 21 23 23 22 23 23 21 23 23 22 23 23 21 23 23 22 23 23 21 23 23 22 23 23 21 23 23 22 23 23 21 23 23 22 23 23 21 23 23 22 23 23 21 23 23 22 23 23 21 23 23 22 23 23 21 23 23 22 23 23 21 23 23 22 23 23 21 23 23 22 23 23 21 23 23 22 23 23 21 23
23 22 23 23 21 23 23 22 23 23 21 23 23 22 23 23 21 23 23 22 23 23 21 23 23 22 23 23 21 23 23 22 23 23 21 23 23 22 23 23 21 23 23 22 23 23 21 23 23 22 23 23 21 23 23 22 23 23 21 23 23 22 23 23 21 23 23 22 23 23 21 23 23 22 23 23 21 23 23 22 23 23 21 23 23 22 23 23 21 23
23 22 23 23 21 23 23 22 23 23 21 23 23 22 23 23 21 23 23 22 23 23 21 23 23 22 23 23 21 23 23 22 23 23 21 23 23 22 23 23 21 23 23 22 23 23 21 23 23 22 23 23 21 23 23 22 23 23 21 23 23 22 23 23 21 23 23 22 23 23 21 23 23 22 23 23 21 23 23 22 23 23 21 23 23 22 23 23 21 23
23 22 23 23 21 23 23 22 23 23 21 23 23 22 23 23 21 23 23 22 23 23 21 23 23 22 23 23 21 23 23 22 23 23 21 23 23 22 23 23 21 23 23 22 23 23 21 23 23 22 23 23 21 23 23 22 23 23 21 23 23 22 23 23 21 23 23 22 23 23 21 23 23 22 23 23 21 23 23 22 23 23 21 23 23 22 23 23 21 23
23 22 23 23 21 23 23 22 23 23 21 23 23 22 23 23 21 23 23 22 23 23 21 23 23 22 23 23 21 23 23 22 23 23 21 23 23 22 23 23 21 23 23 22 23 23 21 23 23 22 23 23 21 23 23 22 23 23 21 23 23 22 23 23 21 23 23 22 23 23 21 23 23 22 23 23 21 23 23 22 23 23 21 23 23 22 23 23 21 23
23 22 23 23 21 23 23 22 23 23 21 23 23 22 23 23 21 23 23 22 23 23 21 23 23 22 23 23 21 23 23 22 23 23 21 23 23 22 23 23 21 23 23 22 23 23 21 23 23 22 23 23 21 23 23 22 23 23 21 23 23 22 23 23 21 23 23 22 23 23 21 23 23 22 23 23 21 23 23 22 23 23 21 23 23 22 23 23 21 23
23 22 23 23 21 23 23 22 23 23 21 23 23 22 23 23 21 23 23 22 23 23 21 23 23 22 23 23 21 23 23 22 23 23 21 23 23 22 23 23 21 23 23 22 23 23 21 23 23 22 23 23 21 23 23 22 23 23 21 23 23 22 23 23 21 23 23 22 23 23 21 23 23 22 23 23 21 23 23 22 23 23 21 23 23 22 23 23 21 23
23 22 23 23 21 23 23 22 23 23 21 23 23 22 23 23 21 23 23 22 23 23 21 23 23 22 23 23 21 23 23 22 23 23 21 23 23 22 23 23 21 23 23 22 23 23 21 23 23 22 23 23 21 23 23 22 23 23 21 23 23 22 23 23 21 23 23 22 23 23 21 23 23 22 23 23 21 23 23 22 23 23 21 23 23 22 23 23 21 23
23 22 23 23 21 23 23 22 23 23 21 23 23 22 23 23 21 23 23 22 23 23 21 23 23 22 23 23 21 23 23 22 23 23 21 23 23 22 23 23 21 23 23 22 23 23 21 23 23 22 23 23 21 23 23 22 23 23 21 23 23 22 23 23 21 23 23 22 23 23 21 23 23 22 23 23 21 23 23 22 23 23 21 23 23 22 23 23 21 23
23 22 23 23 21 23 23 22 23 23 21 23 23 22 23 23 21 23 23 22 23 23 21 23 23 22 23 23 21 23 23 22 23 23 21 23 23 22 23 23 21 23 23 22 23 23 21 23 23 22 23 23 21 23 23 22 23 23 21 23 23 22 23 23 21 23 23 22 23 23 21 23 23 22 23 23 21 23 23 22 23 23 21 23 23 22 23 23 21 23
23 22 23 23 21 23 23 22 23 23 21 23 23 22 23 23 21 23 23 22 23 23 21 23 23 22 23 23 21 23 23 22 23 23 21 23 23 22 23 23 21 23 23 22 23 23 21 23 23 22 23 23 21 23 23 22 23 23 21 23 23 22 23 23 21 23 23 22 23 23 21 23 23 22 23 23 21 23 23 22 23 23 21 23 23 22 23 23 21 23
23 22 23 23 21 23 23 22 23 23 21 23 23 22 23 23 21 23 23 22 23 23 21 23 23 22 23 23 21 23 23 22 23 23 21 23 23 22 23 23 21 23 23 22 23 23 21 23 23 22 23 23 21 23 23 22 23 23 21 23 23 22 23 23 21 23 23 22 23 23 21 23 23 22 23 23 21 23 23 22 23 23 21 23 23 22 23 23 21 23
23 22 23 23 21 23 23 22 23 23 21 23 23 22 23 23 21 23 23 22 23 23 21 23 23 22 23 23 21 23 23 22 23 23 21 23 23 22 23 23 21 23 23 22 23 23 21 23 23 22 23 23 21 23 23 22 23 23 21 23 23 22 23 23 21 23 23 22 23 23 21 23 23 22 23 23 21 23 23 22 23 23 21 23 23 22 23 23 21 23
23 22 23 23 21 23 23 22 23 23 21 23 23 22 23 23 21 23 23 22 23 23 21 23 23 22 23 23 21 23 23 22 23 23 21 23 23 22 23 23 21 23 23 22 23 23 21 23 23 22 23 23 21 23 23 22 23 23 21 23 23 22 23 23 21 23 23 22 23 23 21 23 23 22 23 23 21 23 23 22 23 23 21 23 23 22 23 23 21 23
23 22 23 23 21 23 23 22 23 23 21 23 23 22 23 23 21 23 23 22 23 23 21 23 23 22 23 23 21 23 23 22 23 23 21 23 23 22 23 23 21 23 23 22 23 23 21 23 23 22 23 23 21 23 23 22 23 23 21 23 23 22 23 23 21 23 23 22 23 23 21 23 23 22 23 23 21 23 23 22 23 23 21 23 23 22 23 23 21 23
23 22 23 23 21 23 23 22 23 23 21 23 23 22 23 23 21 23 23 22 23 23 21 23 23 22 23 23 21 23 23 22 23 23 21 23 23 22 23 23 21 23 23 22 23 23 21 23 23 22 23 23 21 23 23 22 23 23 21 23 23 22 23 23 21 23 23 22 23 23 21 23 23 22 23 23 21 23 23 22 23 23 21 23 23 22 23 23 21 23
23 22 23 23 21 23 23 22 23 23 21 23 23 22 23 23 21 23 23 22 23 23 21 23 23 22 23 23 21 23 23 22 23 23 21 23 23 22 23 23 21 23 23 22 23 23 21 23 23 22 23 23 21 23 23 22 23 23 21 23 23 22 23 23 21 23 23 22 23 23 21 23 23 22 23 23 21 23 23 22 23 23 21 23 23 22 23 23 21 23
23 22 23 23 21 23 23 22 23 23 21 23 23 22 23 23 21 23 23 22 23 23 21 23 23 22 23 23 21 23 23 22 23 23 21 23 23 22 23 23 21 23 23 22 23 23 21 23 23 22 23 23 21 23 23 22 23 23 21 23 23 22 23 23 21 23 23 22 23 23 21 23 23 22 23 23 21 23 23 22 23 23 21 23 23 22 23 23 21 23
23 22 23 23 21 23 23 22 23 23 21 23 23 22 23 23 21 23 23 22 23 23 21 23 23 22 23 23 21 23 23 22 23 23 21 23 23 22 23 23 21 23 23 22 23 23 21 23 23 22 23 23 21 23 23 22 23 23 21 23 23 22 23 23 21 23 23 22 23 23 21 23 23 22 23 23 21 23 23 22 23 23 21 23 23 22 23 23 21 23
23 22 23 23 21 23 23 22 23 23 21 23 23 22 23 23 21 23 23 22 23 23 21 23 23 22 23 23 21 23 23 22 23 23 21 23 23 22 23 23 21 23 23 22 23 23 21 23 23 22 23 23 21 23 23 22 23 23 21 23 23 22 23 23 21 23 23 22 23 23 21 23 23 22 23 23 21 23 23 22 23 23 21 23 23 22 23 23 21 23
23 22 23 23 21 23 23 22 23 23 21 23 23 22 23 23 21 23 23 22 23 23 21 23 23 22 23 23 21 23 23 22 23 23 21 23 23 22 23 23 21 23 23 22 23 23 21 23 23 22 23 23 21 23 23 22 23 23 21 23 23 22 23 23 21 23 23 22 23 23 21 23 23 22 23 23 21 23 23 22 23 23 21 23 23 22 23 23 21 23
23 22 23 23 21 23 23 22 23 23 21 23 23 22 23 23 21 23 23 22 23 23 21 23 23 22 23 23 21 23 23 22 23 23 21 23 23 22 23 23 21 23 23 22 23 23 21 23 23 22 23 23 21 23 23 22 23 23 21 23 23 22 23 23 21 23 23 22 23 23 21 23 23 22 23 23 21 23 23 22 23 23 21 23 23 22 23 23 21 23
23 22 23 23 21 23 23 22 23 23 21 23 23 22 23 23 21 23 23 22 23 23 21 23 23 22 23 23 21 23 23 22 23 23 21 23 23 22 23 23 21 23 23 22 23 23 21 23 23 22 23 23 21 23 23 22 23 23 21 23 23 22 23 23 21 23 23 22 23 23 21 23 23 22 23 23 21 23 23 22 23 23 21 23 23 22 23 23 21 23
23 22 23 23 21 23 23 22 23 23 21 23 23 22 23 23 21 23 23 22 23 23 21 23 23 22 23 23 21 23 23 22 23 23 21 23 23 22 23 23 21 23 23 22 23 23 21 23 23 22 23 23 21 23 23 22 23 23 21 23 23 22 23 23 21 23 23 22 23 23 21 23 23 22 23 23 21 23 23 22 23 23 21 23 23 22 23 23 21 23
23 22 23 23 21 23 23 22 23 23 21 23 23 22 23 23 21 23 23 22 23 23 21 23 23 22 23 23 21 23 23 22 23 23 21 23 23 22 23 23 21 23 23 22 23 23 21 23 23 22 23 23 21 23 23 22 23 23 21 23 23 22 23 23 21 23 23 22 23 23 21 23 23 22 23 23 21 23 23 22 23 23 21 23 23 22 23 23 21 23
23 22 23 23 21 23 23 22 23 23 21 23 23 22 23 23 21 23 23 22 23 23 21 23 23 22 23 23 21 23 23 22 23 23 21 23 23 22 23 23 21 23 23 22 23 23 21 23 23 22 23 23 21 23 23 22 23 23 21 23 23 22 23 23 21 23 23 22 23 23 21 23 23 22 23 23 21 23 23 22 23 23 21 23 23 22 23 23 21 23
23 22 23 23 21 23 23 22 23 23 21 23 23 22 23 23 21 23 23 22 23 23 21 23 23 22 23 23 21 23 23 22 23 23 21 23 23 22 23 23 21 23 23 22 23 23 21 23 23 22 23 23 21 23 23 22 23 23 21 23 23 22 23 23 21 23 23 22 23 23 21 23 23 22 23 23 21 23 23 22 23 23 21 23 23 22 23 23 21 23
23 22 23 23 21 23 23 22 23 23 21 23 23 22 23 23 21 23 23 22 23 23 21 23 23 22 23 23 21 23 23 22 23 23 21 23 23 22 23 23 21 23 23 22 23 23 21 23 23 22 23 23 21 23 23 22 23 23 21 23 23 22 23 23 21 23 23 22 23 23 21 23 23 22 23 23 21 23 23 22 23 23 21 23 23 22 23 23 21 23
23 22 23 23 21 23 23 22 23 23 21 23 23 22 23 23 21 23 23 22 23 23 21 23 23 22 23 23 21 23 23 22 23 23 21 23 23 22 23 23 21 23 23 22 23 23 21 23 23 22 23 23 21 23 23 22 23 23 21 23 23 22 23 23 21 23 23 22 23 23 21 23 23 22 23 23 21 23 23 22 23 23 21 23 23 22 23 23 21 23
23 22 23 23 21 23 23 22 23 23 21 23 23 22 23 23 21 23 23 22 23 23 21 23 23 22 23 23 21 23 23 22 23 23 21 23 23 22 23 23 21 23 23 22 23 23 21 23 23 22 23 23 21 23 23 22 23 23 21 23 23 22 23 23 21 23 23 22 23 23 21 23 23 22 23 23 21 23 23 22 23 23 21 23 23 22 23 23 21 23
23 22 23 23 21 23 23 22 23 23 21 23 23 22 23 23 21 23 23 22 23 23 21 23 23 22 23 23 21 23 23 22 23 23 21 23 23 22 23 23 21 23 23 22 23 23 21 23 23 22 23 23 21 23 23 22 23 23 21 23 23 22 23 23 21 23 23 22 23 23 21 23 23 22 23 23 21 23 23 22 23 23 21 23 23 22 23 23 21 23
23 22 23 23 21 23 23 22 23 23 21 23 23 22 23 23 21 23 23 22 23 23 21 23 23 22 23 23 21 23 23 22 23 23 21 23 23 22 23 23 21 23 23 22 23 23 21 23 23 22 23 23 21 23 23 22 23 23 21 23 23 22 23 23 21 23 23 22 23 23 21 23 23 22 23 23 21 23 23 22 23 23 21 23 23 22 23 23 21 23
23 22 23 23 21 23 23 22 23 23 21 23 23 22 23 23 21 23 23 22 23 23 21 23 23 22 23 23 21 23 23 22 23 23 21 23 23 22 23 23 21 23 23 22 23 23 21 23 23 22 23 23 21 23 23 22 23 23 21 23 23 22 23 23 21 23 23 22 23 23 21 23 23 22 23 23 21 23 23 22 23 23 21 23 23 22 23 23 21 23
23 22 23 23 21 23 23 22 23 23 21 23 23 22 23 23 21 23 23 22 23 23 21 23 23 22 23 23 21 23 23 22 23 23 21 23 23 22 23 23 21 23 23 22 23 23 21 23 23 22 23 23 21 23 23 22 23 23 21 23 23 22 23 23 21 23 23 22 23 23 21 23 23 22 23 23 21 23 23 22 23 23 21 23 23 22 23 23 21 23
23 22 23 23 21 23 23 22 23 23 21 23 23 22 23 23 21 23 23 22 23 23 21 23 23 22 23 23 21 23 23 22 23 23 21 23 23 22 23 23 21 23 23 22 23 23 21 23 23 22 23 23 21 23 23 22 23 23 21 23 23 22 23 23 21 23 23 23 21 11 12 13 14 15 16 12 15 11 23 22 23 23 21 23 23 22 23 23 21 23
23 22 23 23 21 23 23 22 23 23 21 23 23 22 23 23 21 23 23 22 23 23 21 23 23 22 23 23 21 23 23 22 23 23 21 23 23 21 23 21 11 12 13 14 15 16 12 15 11 23 22 23 23 21 23 23 22 23 23 21 23 23 22 23 23 21 23 21 22 11 12 13 14 15 16 12 15 11 23 22 23 23 21 23 23 22 23 23 21 23
23 22 23 23 21 23 23 22 23 23 21 23 23 22 23 23 21 23 23 22 23 23 21 23 23 22 23 23 21 23 23 22 23 23 21 23 23 21 23 21 11 12 13 14 15 16 12 15 11 23 22 23 23 21 23 23 22 23 23 21 23 23 22 23 23 21 23 21 22 11 12 13 14 15 16 12 15 11 23 22 23 23 21 23 23 22 23 23 21 23
23 22 23 23 21 23 23 22 23 23 21 23 23 22 23 23 21 23 23 22 23 23 21 23 23 22 23 23 21 23 23 22 23 23 21 23 23 21 23 21 11 12 13 14 15 16 12 15 11 4 4 4 23 22 23 23 21 23 23 22 23 23 21 23 23 22 23 23 21 23 23 21 23 21 11 12 13 14 15 16 12 15 11 23 22 23 23 21 23 21
23 22 23 23 21 23 23 22 23 23 21 23 23 22 23 23 21 23 23 22 23 23 21 23 23 22 23 23 21 23 23 22 23 23 21 23 23 21 23 21 11 12 13 14 15 16 12 15 11 4 4 4 23 22 23 23 21 23 23 22 23 23 21 23 23 22 23 23 21 23 23 21 23 21 11 12 13 14 15 16 12 15 11 23 22 23 23 21 23 21
23 22 23 23 21 23 23 22 23 23 21 23 23 22 23 23 21 23 23 22 23 23 21 23 23 22 23 23 21 23 23 22 23 23 21 23 23 21 23 21 11 12 13 14 15 16 12 15 11 4 4 4 23 22 23 23 21 23 22 23 21 23 22 23 22 23 23 21 23 22 23 21 23 22 11 12 13 14 15 16 12 15 11 23 22 23 23 21 23 21
23 22 23 23 21 23 23 22 23 23 21 23 23 22 23 23 21 23 23 22 23 23 21 23 23 22 23 23 21 23 23 22 23 23 21 23 23 21 23 21 11 12 13 14 15 16 12 15 11 23 22 23 23 21 23 23 22 23 23 21 23 23 22 23 23 21 23 23 22 23 23 21 23 23 22 23 23 21 23 23 22 23 23 21 23 22 23 21 23 22
23 22 23 23 21 23 23 22 23 23 21 23 23 22 23 23 21 23 23 22 23 23 21 23 23 22 23 23 21 23 23 22 23 23 21 23 23 22 23 23 21 23 23 22 23 23 21 23 23 22 23 23 21 23 23 22 23 23 21 23 23 22 23 23 21 23 23 22 23 23 21 23 23 22 23 23 21 23 23 22 23 23 21 23 23 22 23 23 21 23
23 22 23 23 21 23 23 22 23 23 21 23 23 22 23 23 21 23 23 22 23 23 21 23 23 22 23 23 21 23 23 22 23 23 21 23 23 22 23 23 21 23 23 22 23 23 21 23 23 22 23 23 21 23 23 22 23 23 21 23 23 22 23 23 21 23 23 22 23 23 21 23 23 22 23 23 21 23 23 22 23 23 21 23 23 22 23 23 21 23
23 22 23 23 21 23 23 22 23 23 21 23 23 22 23 23 21 23 23 22 23 23 21 23 23 22 23 23 21 23 23 22 23 23 21 23 23 22 23 23 21 23 23 22 23 23 21 23 23 22 23 23 21 23 23 22 23 23 21 23 23 22 23 23 21 23 23 22 23 23 21 23 23 22 23 23 21 23 23 22 23 23 21 23 23 22 23 23 21 23
23 22 23 23 21 23 23 22 23 23 21 23 23 22 23 23 21 23 23 22 23 23 21 23 23 22 23 23 21 23 23 22 23 23 21 23 23 22 23 23 21 23 23 22 23 23 21 23 23 22 23 23 21 23 23 22 23 23 21 23 23 22 23 23 21 23 23 22 23 23 21 23 23 22 23 23 21 23 23 22 23 23 21 23 23 22 23 23 21 23
23 22 23 23 21 23 23 22 23 23 21 23 23 22 23 23 21 23 21 22 11 12 13 14 15 16 11 12 13 14 15 16 11 12 13 14 15 16 11 12 13 14 15 16 11 12 13 14 15 16 11 12 13 14 15 16 11 12 13 14 15 16 11 12 13 14 15 16 11 15 23 22 23 23 21 23 23 22 23 23 21 23 23 22 23 23 21 23 21 22
23 22 23 23 21 23 23 22 23 23 21 23 23 22 23 23 21 23 21 22 11 12 13 14 15 16 11 12 13 14 15 16 11 12 13 14 15 16 11 12 13 14 15 16 11 12 13 14 15 16 11 12 13 14 15 16 11 12 13 14 15 16 11 12 13 14 15 16 11 15 23 22 23 23 21 23 23 22 23 23 21 23 23 22 23 23 21 23 21 22
23 22 23 23 21 23 23 22 23 23 21 23 23 22 23 23 21 23 21 22 11 12 13 14 15 16 11 12 13 14 15 16 11 12 13 14 15 16 11 12 13 14 15 16 11 12 13 14 15 16 11 12 13 14 15 16 11 12 13 14 15 16 11 12 13 14 15 16 11 15 23 22 23 23 21 23 23 22 23 23 21 23 23 22 23 23 21 23 21 22
23 22 23 23 21 23 23 22 23 23 21 23 23 22 23 23 21 23 21 22 11 12 13 14 15 16 11 12 13 14 15 16 11 12 13 14 15 16 11 12 13 14 15 16 11 12 13 14 15 16 11 12 13 14 15 16 11 12 13 14 15 16 11 12 13 14 15 16 11 15 23 22 23 23 21 23 23 22 23 23 21 23 23 22 23 23 21 23 21 22
23 22 23 23 21 23 23 22 23 23 21 23 23 22 23 23 21 23 21 22 11 12 13 14 15 16 11 12 13 14 15 16 11 12 13 14 15 16 11 12 13 14 15 16 11 12 13 14 15 16 11 12 13 14 15 16 11 12 13 14 15 16 11 12 13 14 15 16 11 15 23 22 23 23 21 23 23 22 23 23 21 23 23 22 23 23 21 23 21 22
23 22 23 23 21 23 23 22 23 23 21 23 23 22 23 23 21 23 21 22 11 12 13 14 15 16 11 12 13 14 15 16 11 12 13 14 15 16 11 12 13 14 15 16 11 12 13 14 15 16 11 12 13 14 15 16 11 12 13 14 15 16 11 12 13 14 15 16 11 15 23 22 23 23 21 23 23 22 23 23 21 23 23 22 23 23 21 23 21 22
23 22 23 23 21 23 23 22 23 23 21 23 23 22 23 23 21 23 21 22 11 12 13 14 15 16 11 12 13 14 15 16 11 12 13 14 15 16 11 12 13 14 15 16 11 12 13 14 15 16 11 12 13 14 15 16 11 12 13 14 15 16 11 12 13 14 15 16 11 15 23 22 23 23 21 23 23 22 23 23 21 23 23 22 23 23 21 23 21 22
23 22 23 23 21 23 23 22 23 23 21 23 23 22 23 23 21 23 21 22 11 12 13 14 15 16 11 12 13 14 15 16 11 12 13 14 15 16 11 12 13 14 15 16 11 12 13 14 15 16 11 12 13 14 15 16 11 12 13 14 15 16 11 12 13 14 15 16 11 15 23 22 23 23 21 23 23 22 23 23 21 23 23 22 23 23 21 23 21 22
23 22 23 23 21 23 23 22 23 23 21 23 23 22 23 23 21 23 21 22 11 12 13 14 15 16 11 12 13 14 15 16 11 12 13 14 15 16 11 12 13 14 15 16 11 12 13 14 15 16 11 12 13 14 15 16 11 12 13 14 15 16 11 12 13 14 15 16 11 15 23 22 23 23 21 23 23 22 23 23 21 23 23 22 23 23 21 23 21 22
23 22 23 23 21 23 23 22 23 23 21 23 23 22 23 23 21 23 21 22 11 12 13 14 15 16 11 12 13 14 15 16 11 12 13 14 15 16 11 12 13 14 15 16 11 12 13 14 15 16 11 12 13 14 15 16 11 12 13 14 15 16 11 12 13 14 15 16 11 15 23 22 23 23 21 23 23 22 23 23 21 23 23 22 23 23 21 23 21 22
23 22 23 23 21 23 23 22 23 23 21 23 23 22 23 23 21 23 23 22 23 23 21 23 23 22 23 23 21 23 23 22 23 23 21 23 23 22 23 23 21 23 23 22 23 23 21 23 23 22 23 23 21 23 23 22 23 23 21 23 23 22 23 23 21 23 23 22 23 23 21 23 23 22 23 23 21 23 23 22 23 23 21 23 23 22 23 23 21 23
23 22 23 23 21 23 23 22 23 23 21 23 23 22 23 23 21 23 21 22 11 12 13 14 15 16 11 12 13 14 15 16 11 12 13 14 15 16 11 15 23 22 23 23 21 23 23 21 23 21 11 12 13 14 15 16 11 12 13 14 15 16 11 12 13 14 15 16 11 15 23 22 23 23 21 23 23 22 23 23 21 23 23 22 23 23 21 23 21 22
23 22 23 23 21 23 23 22 23 23 21 23 23 22 23 23 21 23 21 22 11 12 13 14 15 16 11 12 13 14 15 16 11 12 13 14 15 16 11 15 23 22 23 23 21 23 23 21 23 21 11 12 13 14 15 16 11 12 13 14 15 16 11 12 13 14 15 16 11 15 23 22 23 23 21 23 23 22 23 23 21 23 23 22 23 23 21 23 21 22
23 22 23 23 21 23 23 22 23 23 21 23 23 22 23 23 21 23 21 22 11 12 13 14 15 16 11 12 13 14 15 16 11 12 13 14 15 16 11 15 23 22 23 23 21 23 23 21 23 21 11 12 13 14 15 16 11 12 13 14 15 16 11 12 13 14 15 16 11 15 23 22 23 23 21 23 23 22 23 23 21 23 23 22 23 23 21 23 21 22
23 22 23 23 21 23 23 22 23 23 21 23 23 22 23 23 21 23 21 22 11 12 13 14 15 16 11 12 13 14 15 16 11 12 13 14 15 16 11 15 23 22 23 23 21 23 23 21 23 21 11 12 13 14 15 16 11 12 13 14 15 16 11 12 13 14 15 16 11 15 23 22 23 23 21 23 23 22 23 23 21 23 23 22 23 23 21 23 21 22
23 22 23 23 21 23 23 22 23 23 21 23 23 22 23 23 21 23 21 22 11 12 13 14 15 16 11 12 13 14 15 16 11 12 13 14 15 16 11 15 23 22 23 23 21 23 23 21 23 21 11 12 13 14 15 16 11 12 13 14 15 16 11 12 13 14 15 16 11 15 23 22 23 23 21 23 23 22 23 23 21 23 23 22 23 23 21 23 21 22
23 22 23 23 21 23 23 22 23 23 21 23 23 22 23 23 21 23 21 22 11 12 13 14 15 16 11 12 13 14 15 16 11 12 13 14 15 16 11 15 23 22 23 23 21 23 23 21 23 21 11 12 13 14 15 16 11 12 13 14 15 16 11 12 13 14 15 16 11 15 23 22 23 23 21 23 23 22 23 23 21 23 23 22 23 23 21 23 21 22
23 22 23 23 21 23 23 22 23 23 21 23 23 22 23 23 21 23 21 22 11 12 13 14 15 16 11 12 13 14 15 16 11 12 13 14 15 16 11 15 23 22 23 23 21 23 23 21 23 21 11 12 13 14 15 16 11 12 13 14 15 16 11 12 13 14 15 16 11 15 23 22 23 23 21 23 23 22 23 23 21 23 23 22 23 23 21 23 21 22
23 22 23 23 21 23 23 22 23 23 21 23 23 22 23 23 21 23 21 22 11 12 13 14 15 16 11 12 13 14 15 16 11 12 13 14 15 16 11 15 23 22 23 23 21 23 23 21 23 21 11 12 13 14 15 16 11 12 13 14 15 16 11 12 13 14 15 16 11 15 23 22 23 23 21 23 23 22 23 23 21 23 23 22 23 23 21 23 21 22
23 22 23 23 21 23 23 22 23 23 21 23 23 22 23 23 21 23 21 22 11 12 13 14 15 16 11 12 13 14 15 16 11 12 13 14 15 16 11 15 23 22 23 23 21 23 23 21 23 21 11 12 13 14 15 16 11 12 13 14 15 16 11 12 13 14 15 16 11 15 23 22 23 23 21 23 23 22 23 23 21 23 23 22 23 23 21 23 21 22
23 22 23 23 21 23 23 22 23 23 21 23 23 22 23 23 21 23 21 22 11 12 13 14 15 16 11 12 13 14 15 16 11 12 13 14 15 16 11 15 23 22 23 23 21 23 23 21 23 21 11 12 13 14 15 16 11 12 13 14 15 16 11 12 13 14 15 16 11 15 23 22 23 23 21 23 23 22 23 23 21 23 23 22 23 23 21 23 21 22
23 22 23 23 21 23 23 22 23 23 21 23 23 22 23 23 21 23 21 22 11 12 13 14 15 16 11 12 13 14 15 16 11 12 13 14 15 16 11 15 23 22 23 23 21 23 23 21 23 21 11 12 13 14 15 16 11 12 13 14 15 16 11 12 13 14 15 16 11 15 23 22 23 23 21 23 23 22 23 23 21 23 23 22 23 23 21 23 21 22
23 22 23 23 21 23 23 22 23 23 21 23 23 22 23 23 21 23 21 22 11 12 13 14 15 16 11 12 13 14 15 16 11 12 13 14 15 16 11 15 23 22 23 23 21 23 23 21 23 21 11 12 13 14 15 16 11 12 13 14 15 16 11 12 13 14 15 16 11 15 23 22 23 23 21 23 23 22 23 23 21 23 23 22 23 23 21 23 21 22
23 22 23 23 21 23 23 22 23 23 21 23 23 22 23 23 21 23 21 22 11 12 13 14 15 16 11 12 13 14 15 16 11 12 13 14 15 16 11 15 23 22 23 23 21 23 23 21 23 21 11 12 13 14 15 16 11 12 13 14 15 16 11 12 13 14 15 16 11 15 23 22 23 23 21 23 23 22 23 23 21 23 23 22 23 23 21 23 21 22
23 22 23 23 21 23 23 22 23 23 21 23 23 22 23 23 21 23 21 22 11 12 13 14 15 16 11 12 13 14 15 16 11 12 13 14 15 16 11 15 23 22 23 23 21 23 23 21 23 21 11 12 13 14 15 16 11 12 13 14 15 16 11 12 13 14 15 16 11 15 23 22 23 23 21 23 23 22 23 23 21 23 23 22 23 23 21 23 21 22
23 22 23 23 21 23 23 22 23 23 21 23 23 22 23 23 21 23 21 22 11 12 13 14 15 16 11 12 13 14 15 16 11 12 13 14 15 16 11 15 23 22 23 23 21 23 23 21 23 21 11 12 13 14 15 16 11 12 13 14 15 16 11 12 13 14 15 16 11 15 23 22 23 23 21 23 23 22 23 23 21 23 23 22 23 23 21 23 21 22
23 22 23 23 21 23 23 22 23 23 21 23 23 22 23 23 21 23 21 22 11 12 13 14 15 16 11 12 13 14 15 16 11 12 13 14 15 16 11 15 23 22 23 23 21 23 23 21 23 21 11 12 13 14 15 16 11 12 13 14 15 16 11 12 13 14 15 16 11 15 23 22 23 23 21 23 23 22 23 23 21 23 23 22 23 23 21 23 21 22
23 22 23 23 21 23 23 22 23 23 21 23 23 22 23 23 21 23 21 22 11 12 13 14 15 16 11 12 13 14 15 16 11 12 13 14 15 16 11 15 23 22 23 23 21 23 23 21 23 21 11 12 13 14 15 16 11 12 13 14 15 16 11 12 13 14 15 16 11 15 23 22 23 23 21 23 23 22 23 23 21 23 23 22 23 23 21 23 21 22
23 22 23 23 21 23 23 22 23 23 21 23 23 22 23 23 21 23 21 22 11 12 13 14 15 16 11 12 13 14 15 16 11 12 13 14 15 16 11 15 23 22 23 23 21 23 23 21 23 21 11 12 13 14 15 16 11 12 13 14 15 16 11 12 13 14 15 16 11 15 23 22 23 23 21 23 23 22 23 23 21 23 23 22 23 23 21 23 21 22
23 22 23 23 21 23 23 22 23 23 21 23 23 22 23 23 21 23 21 22 11 12 13 14 15 16 11 12 13 14 15 16 11 12 13 14 15 16 11 15 23 22 23 23 21 23 23 21 23 21 11 12 13 14 15 16 11 12 13 14 15 16 11 12 13 14 15 16 11 15 23 22 23 23 21 23 23 22 23 23 21 23 23 22 23 23 21 23 21 22
23 22 23 23 21 23 23 22 23 23 21 23 23 22 23 23 21 23 21 22 11 12 13 14 15 16 11 12 13 14 15 16 11 12 13 14 15 16 11 15 23 22 23 23 21 23 23 21 23 21 11 12 13 14 15 16 11 12 13 14 15 16 11 12 13 14 15 16 11 15 23 22 23 23 21 23 23 22 23 23 21 23 23 22 23 23 21 23 21 22
23 22 23 23 21 23 23 22 23 23 21 23 23 22 23 23 21 23 21 22 11 12 13 14 15 16 11 12 13 14 15 16 11 12 13 14 15 16 11 15 23 22 23 23 21 23 23 21 23 21 11 12 13 14 15 16 11 12 13 14 15 16 11 12 13 14 15 16 11 15 23 22 23 23 21 23 23 22 23 23 21 23 23 22 23 23 21 23 21 22
23 22 23 23 21 23 23 22 23 23 21 23 23 22 23 23 21 23 21 22 11 12 13 14 15 16 11 12 13 14 15 16 11 12 13 14 15 16 11 15 23 22 23 23 21 23 23 21 23 21 11 12 13 14 15 16 11 12 13 14 15 16 11 12 13 14 15 16 11 15 23 22 23 23 21 23 23 22 23 23 21 23 23 22 23 23 21 23 21 22
23 22 23 23 21 23 23 22 23 23 21 23 23 22 23 23 21 23 21 22 11 12 13 14 15 16 11 12 13 14 15 16 11 12 13 14 15 16 11 15 23 22 23 23 21 23 23 21 23 21 11 12 13 14 15 16 11 12 13 14 15 16 11 12 13 14 15 16 11 15 23 22 23 23 21 23 23 22 23 23 21 23 23 22 23 23 21 23 21 22
23 22 23 23 21 23 23 22 23 23 21 23 23 22 23 23 21 23 21 22 11 12 13 14 15 16 11 12 13 14 15 16 11 12 13 14 15 16 11 15 23 22 23 23 21 23 23 21 23 21 11 12 13 14 15 16 11 12 13 14 15 16 11 12 13 14 15 16 11 15 23 22 23 23 21 23 23 22 23 23 21 23 23 22 23 23 21 23 21 22
23 22 23 23 21 23 23 22 23 23 21 23 23 22 23 23 21 23 21 22 11 12 13 14 15 16 11 12 13 14 15 16 11 12 13 14 15 16 11 15 23 22 23 23 21 23 23 21 23 21 11 12 13 14 15 16 11 12 13 14 15 16 11 12 13 14 15 16 11 15 23 22 23 23 21 23 23 22 23 23 21 23 23 22 23 23 21 23 21 22
23 22 23 23 21 23 23 22 23 23 21 23 23 22 23 23 21 23 21 22 11 12 13 14 15 16 11 12 13 14 15 16 11 12 13 14 15 16 11 15 23 22 23 23 21 23 23 21 23 21 11 12 13 14 15 16 11 12 13 14 15 16 11 12 13 14 15 16 11 15 23 22 23 23 21 23 23 22 23 23 21 23 23 22 23 23 21 23 21 22
23 22 23 23 21 23 23 22 23 23 21 23 23 22 23 23 21 23 21 22 11 12 13 14 15 16 11 12 13 14 15 16 11 12 13 14 15 16 11 15 23 22 23 23 21 23 23 21 23 21 11 12 13 14 15 16 11 12 13 14 15 16 11 12 13 14 15 16 11 15 23 22 23 23 21 23 23 22 23 23 21 23 23 22 23 23 21 23 21 22
23 22 23 23 21 23 23 22 23 23 21 23 23 22 23 23 21 23 21 22 11 12 13 14 15 16 11 12 13 14 15 16 11 12 13 14 15 16 11 15 23 22 23 23 21 23 23 21 23 21 11 12 13 14 15 16 11 12 13 14 15 16 11 12 13 14 15 16 11 15 23 22 23 23 21 23 23 22 23 23 21 23 23 22 23 23 21 23 21 22
23 22 23 23 21 23 23 22 23 23 21 23 23 22 23 23 21 23 21 22 11 12 13 14 15 16 11 12 13 14 15 16 11 12 13 14 15 16 11 15 23 22 23 23 21 23 23 21 23 21 11 12 13 14 15 16 11 12 13 14 15 16 11 12 13 14 15 16 11 15 23 22 23 23 21 23 23 22 23 23 21 23 23 22 23 23 21 23 21 22
23 22 23 23 21 23 23 22 23 23 21 23 23 22 23 23 21 23 21 22 11 12 13 14 15 16 11 12 13 14 15 16 11 12 13 14 15 16 11 15 23 22 23 23 21 23 23 21 23 21 11 12 13 14 15 16 11 12 13 14 15 16 11 12 13 14 15 16 11 15 23 22 23 23 21 23 23 22 23 23 21 23 23 22 23 23 21 23 21 22
23 22 23 23 21 23 23 22 23 23 21 23 23 22 23 23 21 23 21 22 11 12 13 14 15 16 11 12 13 14 15 16 11 12 13 14 15 16 11 15 23 22 23 23 21 23 23 21 23 21 11 12 13 14 15 16 11 12 13 14 15 16 11 12 13 14 15 16 11 15 23 22 23 23 21 23 23 22 23 23 21 23 23 22 23 23 21 23 21 22
23 22 23 23 21 23 23 22 23 23 21 23 23 22 23 23 21 23 21 22 11 12 13 14 15 16 11 12 13 14 15 16 11 12 13 14 15 16 11 15 23 22 23 23 21 23 23 21 23 21 11 12 13 14 15 16 11 12 13 14 15 16 11 12 13 14 15 16 11 15 23 22 23 23 21 23 23 22 23 23 21 23 23 22 23 23 21 23 21 22
23 22 23 23 21 23 23 22 23 23 21 23 23 22 23 23 21 23 21 22 11 12 13 14 15 16 11 12 13 14 15 16 11 12 13 14 15 16 11 15 23 22 23 23 21 23 23 21 23 21 11 12 13 14 15 16 11 12 13 14 15 16 11 12 13 14 15 16 11 15 23 22 23 23 21 23 23 22 23 23 21 23 23 22 23 23 21 23 21 22
23 22 23 23 21 23 23 22 23 23 21 23 23 22 23 23 21 23 21 22 11 12 13 14 15 16 11 12 13 14 15 16 11 12 13 14 15 16 11 15 23 22 23 23 21 23 23 21 23 21 11 12 13 14 15 16 11 12 13 14 15 16 11 12 13 14 15 16 11 15 23 22 23 23 21 23 23 22 23 23 21 23 23 22 23 23 21 23 21 22
23 22 23 23 21 23 23 22 23 23 21 23 23 22 23 23 21 23 21 22 11 12 13 14 15 16 11 12 13 14 15 16 11 12 13 14 15 16 11 15 23 22 23 23 21 23 23 21 23 21 11 12 13 14 15 16 11 12 13 14 15 16 11 12 13 14 15 16 11 15 23 22 23 23 21 23 23 22 23 23 21 23 23 22 23 23 21 23 21 22
23 22 23 23 21 23 23 22 23 23 21 23 23 22 23 23 21 23 21 22 11 12 13 14 15 16 11 12 13 14 15 16 11 12 13 14 15 16 11 15 23 22 23 23 21 23 23 21 23 21 11 12 13 14 15 16 11 12 13 14 15 16 11 12 13 14 15 16 11 15 23 22 23 23 21 23 23 22 23 23 21 23 23 22 23 23 21 23 21 22
23 22 23 23 21 23 23 22 23 23 21 23 23 22 23 23 21 23 21 22 11 12 13 14 15 16 11 12 13 14 15 16 11 12 13 14 15 16 11 15 23 22 23 23 21 23 23 21 23 21 11 12 13 14 15 16 11 12 13 14 15 16 11 12 13 14 15 16 11 15 23 22 23 23 21 23 23 22 23 23 21 23 23 22 23 23 21 23 21 22
23 22 23 23 21 23 23 22 23 23 21 23 23 22 23 23 21 23 21 22 11 12 13 14 15 16 11 12 13 14 15 16 11 12 13 14 15 16 11 15 23 22 23 23 21 23 23 21 23 21 11 12 13 14 15 16 11 12 13 14 15 16 11 12 13 14 15 16 11 15 23 22 23 23 21 23 23 22 23 23 21 23 23 22 23 23 21 23 21 22
23 22 23 23 21 23 23 22 23 23 21 23 23 22 23 23 21 23 21 22 11 12 13 14 15 16 11 12 13 14 15 16 11 12 13 14 15 16 11 15 23 22 23 23 21 23 23 21 23 21 11 12 13 14 15 16 11 12 13 14 15 16 11 12 13 14 15 16 11 15 23 22 23 23 21 23 23 22 23 23 21 23 23 22 23 23 21 23 21 22
23 22 23 23 21 23 23 22 23 23 21 23 23 22 23 23 21 23 21 22 11 12 13 14 15 16 11 12 13 14 15 16 11 12 13 14 15 16 11 15 23 22 23 23 21 23 23 21 23 21 11 12 13 14 15 16 11 12 13 14 15 16 11 12 13 14 15 16 11 15 23 22 23 23 21 23 23 22 23 23 21 23 23 22 23 23 21 23 21 22
23 22 23 23 21 23 23 22 23 23 21 23 23 22 23 23 21 23 21 22 11 12 13 14 15 16 11 12 13 14 15 16 11 12 13 14 15 16 11 15 23 22 23 23 21 23 23 21 23 21 11 12 13 14 15 16 11 12 13 14 15 16 11 12 13 14 15 16 11 15 23 22 23 23 21 23 23 22 23 23 21 23 23 22 23 23 21 23 21 22
23 22 23 23 21 23 23 22 23 23 21 23 23 22 23 23 21 23 21 22 11 12 13 14 15 16 11 12 13 14 15 16 11 12 13 14 15 16 11 15 23 22 23 23 21 23 23 21 23 21 11 12 13 14 15 16 11 12 13 14 15 16 11 12 13 14 15 16 11 15 23 22 23 23 21 23 23 22 23 23 21 23 23 22 23 23 21 23 21 22
23 22 23 23 21 23 23 22 23 23 21 23 23 22 23 23 21 23 21 22 11 12 13 14 15 16 11 12 13 14 15 16 11 12 13 14 15 16 11 15 23 22 23 23 21 23 23 21 23 21 11 12 13 14 15 16 11 12 13 14 15 16 11 12 13 14 15 16 11 15 23 22 23 23 21 23 23 22 23 23 21 23 23 22 23 23 21 23 21 22
23 22 23 23 21 23 23 22 23 23 21 23 23 22 23 23 21 23 21 22 11 12 13 14 15 16 11 12 13 14 15 16 11 12 13 14 15 16 11 15 23 22 23 23 21 23 23 21 23 21 11 12 13 14 15 16 11 12 13 14 15 16 11 12 13 14 15 16 11 15 23 22 23 23 21 23 23 22 23 23 21 23 23 22 23 23 21 23 21 22
23 22 23 23 21 23 23 22 23 23 21 23 23 22 23 23 21 23 21 22 11 12 13 14 15 16 11 12 13 14 15 16 11 12 13 14 15 16 11 15 23 22 23 23 21 23 23 21 23 21 11 12 13 14 15 16 11 12 13 14 15 16 11 12 13 14 15 16 11 15 23 22 23 23 21 23 23 22 23 23 21 23 23 22 23 23 21 23 21 22
23 22 23 23 21 23 23 22 23 23 21 23 23 22 23 23 21 23 21 22 11 12 13 14 15 16 11 12 13 14 15 16 11 12 13 14 15 16 11 15 23 22 23 23 21 23 23 21 23 21 11 12 13 14 15 16 11 12 13 14 15 16 11 12 13 14 15 16 11 15 23 22 23 23 21 23 23 22 23 23 21 23 23 22 23 23 21 23 21 22
23 22 23 23 21 23 23 22 23 23 21 23 23 22 23 23 21 23 21 22 11 12 13 14 15 16 11 12 13 14 15 16 11 12 13 14 15 16 11 15 23 22 23 23 21 23 23 21 23 21 11 12 13 14 15 16 11 12 13 14 15 16 11 12 13 14 15 16 11 15 23 22 23 23 21 23 23 22 23 23 21 23 23 22 23 23 21 23 21 22
23 22 23 23 21 23 23 22 23 23 21 23 23 22 23 23 21 23 21 22 11 12 13 14 15 16 11 12 13 14 15 16 11 12 13 14 15 16 11 15 23 22 23 23 21 23 23 21 23 21 11 12 13 14 15 16 11 12 13 14 15 16 11 12 13 14 15 16 11 15 23 22 23 23 21 23 23 22 23 23 21 23 23 22 23 23 21 23 21 22
23 22 23 23 21 23 23 22 23 23 21 23 23 22 23 23 21 23 21 22 11 12 13 14 15 16 11 12 13 14 15 16 11 12 13 14 15 16 11 15 23 22 23 23 21 23 23 21 23 21 11 12 13 14 15 16 11 12 13 14 15 16 11 12 13 14 15 16 11 15 23 22 23 23 21 23 23 22 23 23 21 23 23 22 23 23 21 23 21 22
23 22 23 23 21 23 23 22 23 23 21 23 23 22 23 23 21 23 21 22 11 12 13 14 15 16 11 12 13 14 15 16 11 12 13 14 15 16 11 12 13 14 15 16 11 12 13 14 15 16 11 12 13 14 15 16 11 12 13 14 15 16 11 12 13 14 15 16 11 15 23 22 23 23 21 23 23 22 23 23 21 23 23 22 23 23 21 23 21 22
23 22 23 23 21 23 23 22 23 23 21 23 23 22 23 23 21 23 21 22 11 12 13 14 15 16 11 12 13 14 15 16 11 12 13 14 15 16 11 12 13 14 15 16 11 12 13 14 15 16 11 12 13 14 15 16 11 12 13 14 15 16 11 12 13 14 15 16 11 15 23 22 23 23 21 23 23 22 23 23 21 23 23 22 23 23 21 23 21 22
23 22 23 23 21 23 23 22 23 23 21 23 23 22 23 23 21 23 21 22 11 12 13 14 15 16 11 12 13 14 15 16 11 12 13 14 15 16 11 12 13 14 15 16 11 12 13 14 15 16 11 12 13 14 15 16 11 12 13 14 15 16 11 12 13 14 15 16 11 15 23 22 23 23 21 23 23 22 23 23 21 23 23 22 23 23 21 23 21 22
23 22 23 23 21 23 23 22 23 23 21 23 23 22 23 23 21 23 21 22 11 12 13 14 15 16 11 12 13 14 15 16 11 12 13 14 15 16 11 12 13 14 15 16 11 12 13 14 15 16 11 12 13 14 15 16 11 12 13 14 15 16 11 12 13 14 15 16 11 15 23 22 23 23 21 23 23 22 23 23 21 23 23 22 23 23 21 23 21 22
23 22 23 23 21 23 23 22 23 23 21 23 23 22 23 23 21 23 21 22 11 12 13 14 15 16 11 12 13 14 15 16 11 12 13 14 15 16 11 12 13 14 15 16 11 12 13 14 15 16 11 12 13 14 15 16 11 12 13 14 15 16 11 12 13 14 15 16 11 15 23 22 23 23 21 23 23 22 23 23 21 23 23 22 23 23 21 23 21 22
23 22 23 23 21 23 23 22 23 23 21 23 23 22 23 23 21 23 21 22 11 12 13 14 15 16 11 12 13 14 15 16 11 12 13 14 15 16 11 12 13 14 15 16 11 12 13 14 15 16 11 12 13 14 15 16 11 12 13 14 15 16 11 12 13 14 15 16 11 15 23 22 23 23 21 23 23 22 23 23 21 23 23 22 23 23 21 23 21 22
23 22 23 23 21 23 23 22 23 23 21 23 23 22 23 23 21 23 21 22 11 12 13 14 15 16 11 12 13 14 15 16 11 12 13 14 15 16 11 12 13 14 15 16 11 12 13 14 15 16 11 12 13 14 15 16 11 12 13 14 15 16 11 12 13 14 15 16 11 15 23 22 23 23 21 23 23 22 23 23 21 23 23 22 23 23 21 23 21 22
23 22 23 23 21 23 23 22 23 23 21 23 23 22 23 23 21 23 21 22 11 12 13 14 15 16 11 12 13 14 15 16 11 12 13 14 15 16 11 12 13 14 15 16 11 12 13 14 15 16 11 12 13 14 15 16 11 12 13 14 15 16 11 12 13 14 15 16 11 15 23 22 23 23 21 23 23 22 23 23 21 23 23 22 23 23 21 23 21 22
23 22 23 23 21 23 23 22 23 23 21 23 23 22 23 23 21 23 21 22 11 12 13 14 15 16 11 12 13 14 15 16 11 12 13 14 15 16 11 12 13 14 15 16 11 12 13 14 15 16 11 12 13 14 15 16 11 12 13 14 15 16 11 12 13 14 15 16 11 15 23 22 23 23 21 23 23 22 23 23 21 23 23 22 23 23 21 23 21 22
23 22 23 23 21 23 23 22 23 23 21 23 23 22 23 23 21 23 21 22 11 12 13 14 15 16 11 12 13 14 15 16 11 12 13 14 15 16 11 12 13 14 15 16 11 12 13 14 15 16 11 12 13 14 15 16 11 12 13 14 15 16 11 12 13 14 15 16 11 15 23 22 23 23 21 23 23 22 23 23 21 23 23 22 23 23 21 23 21 22
23 22 23 23 21 23 23 22 23 23 21 23 23 22 23 23 21 23 23 22 23 23 21 23 23 22 23 23 21 23 23 22 23 23 21 23 23 22 23 23 21 23 23 22 23 23 21 23 23 22 23 23 21 23 23 22 23 23 21 23 23 22 23 23 21 23 23 22 23 23 21 23 23 22 23 23 21 23 23 22 23 23 21 23 23 22 23 23 21 23
23 22 23 23 21 23 23 22 23 23 21 23 23 22 23 23 21 23 23 22 23 23 21 23 23 22 23 23 21 23 23 22 23 23 21 23 23 22 23 23 21 23 23 22 23 23 21 23 23 22 23 23 21 23 23 22 23 23 21 23 23 22 23 23 21 23 23 22 23 23 21 23 23 22 23 23 21 23 23 22 23 23 21 23 23 22 23 23 21 23
23 22 23 23 21 23 23 22 23 23 21 23 23 22 23 23 21 23 23 22 23 23 21 23 23 22 23 23 21 23 23 22 23 23 21 23 23 22 23 23 21 23 23 22 23 23 21 23 23 22 23 23 21 23 23 22 23 23 21 23 23 22 23 23 21 23 23 22 23 23 21 23 23 22 23 23 21 23 23 22 23 23 21 23 23 22 23 23 21 23
23 22 23 23 21 23 23 22 23 23 21 23 23 22 23 23 21 23 23 22 23 23 21 23 23 22 23 23 21 23 23 22 23 23 21 23 23 22 23 23 21 23 23 22 23 23 21 23 23 22 23 23 21 23 23 22 23 23 21 23 23 22 23 23 21 23 23 22 23 23 21 23 23 22 23 23 21 23 23 22 23 23 21 23 23 22 23 23 21 23
23 22 23 23 21 23 23 22 23 23 21 23 23 22 23 23 21 23 23 22 23 23 21 23 23 22 23 23 21 23 23 22 23 23 21 23 23 22 23 23 21 23 23 22 23 23 21 23 23 22 23 23 21 23 23 22 23 23 21 23 23 22 23 23 21 23 23 22 23 23 21 23 23 22 23 23 21 23 23 22 23 23 21 23 23 22 23 23 21 23
23 22 23 23 21 23 23 22 23 23 21 23 23 22 23 23 21 23 23 22 23 23 21 23 23 22 23 23 21 23 23 22 23 23 21 23 23 22 23 23 21 23 23 22 23 23 21 23 23 22 23 23 21 23 23 22 23 23 21 23 23 22 23 23 21 23 23 22 23 23 21 23 23 22 23 23 21 23 23 22 23 23 21 23 23 22 23 23 21 23
23 22 23 23 21 23 23 22 23 23 21 23 23 22 23 23 21 23 23 22 23 23 21 23 23 22 23 23 21 23 23 22 23 23 21 23 23 22 23 23 21 23 23 22 23 23 21 23 23 22 23 23 21 23 23 22 23 23 21 23 23 22 23 23 21 23 23 22 23 23 21 23 23 22 23 23 21 23 23 22 23 23 21 23 23 22 23 23 21 23
23 22 23 23 21 23 23 22 23 23 21 23 23 22 23 23 21 23 23 22 23 23 21 23 23 22 23 23 21 23 23 22 23 23 21 23 23 22 23 23 21 23 23 22 23 23 21 23 23 22 23 23 21 23 23 22 23 23 21 23 23 22 23 23 21 23 23 22 23 23 21 23 23 22 23 23 21 23 23 22 23 23 21 23 23 22 23 23 21 23
23 22 23 23 21 23 23 22 23 23 21 23 23 22 23 23 21 23 23 22 23 23 21 23 23 22 23 23 21 23 23 22 23 23 21 23 23 22 23 23 21 23 23 22 23 23 21 23 23 22 23 23 21 23 23 22 23 23 21 23 23 22 23 23 21 23 23 22 23 23 21 23 23 22 23 23 21 23 23 22 23 23 21 23 23 22 23 23 21 23
23 22 23 23 21 23 23 22 23 23 21 23 23 22 23 23 21 23 23 22 23 23 21 23 23 22 23 23 21 23 23 22 23 23 21 23 23 22 23 23 21 23 23 22 23 23 21 23 23 22 23 23 21 23 23 22 23 23 21 23 23 22 23 23 21 23 23 22 23 23 21 23 23 22 23 23 21 23 23 22 23 23 21 23 23 22 23 23 21 23
23 22 23 23 21 23 23 22 23 23 21 23 23 22 23 23 21 23 23 22 23 23 21 23 23 22 23 23 21 23 23 22 23 23 21 23 23 22 23 23 21 23 23 22 23 23 21 23 23 22 23 23 21 23 23 22 23 23 21 23 23 22 23 23 21 23 23 22 23 23 21 23 23 22 23 23 21 23 23 22 23 23 21 23 23 22 23 23 21 23
23 22 23 23 21 23 23 22 23 23 21 23 23 22 23 23 21 23 23 22 23 23 21 23 23 22 23 23 21 23 23 22 23 23 21 23 23 22 23 23 21 23 23 22 23 23 21 23 23 22 23 23 21 23 23 22 23 23 21 23 23 22 23 23 21 23 23 22 23 23 21 23 23 22 23 23 21 23 23 22 23 23 21 23 23 22 23 23 21 23
23 22 23 23 21 23 23 22 23 23 21 23 23 22 23 23 21 23 23 22 23 23 21 23 23 22 23 23 21 23 23 22 23 23 21 23 23 22 23 23 21 23 23 22 23 23 21 23 23 22 23 23 21 23 23 22 23 23 21 23 23 22 23 23 21 23 23 22 23 23 21 23 23 22 23 23 21 23 23 22 23 23 21 23 23 22 23 23 21 23
23 22 23 23 21 23 23 22 23 23 21 23 23 22 23 23 21 23 23 22 23 23 21 23 23 22 23 23 21 23 23 22 23 23 21 23 23 22 23 23 21 23 23 22 23 23 21 23 23 22 23 23 21 23 23 22 23 23 21 23 23 22 23 23 21 23 23 22 23 23 21 23 23 22 23 23 21 23 23 22 23 23 21 23 23 22 23 23 21 23
23 22 23 23 21 23 23 22 23 23 21 23 23 22 23 23 21 23 23 22 23 23 21 23 23 22 23 23 21 23 23 22 23 23 21 23 23 22 23 23 21 23 23 22 23 23 21 23 23 22 23 23 21 23 23 22 23 23 21 23 23 22 23 23 21 23 23 22 23 23 21 23 23 22 23 23 21 23 23 22 23 23 21 23 23 22 23 23 21 23
23 22 23 23 21 23 23 22 23 23 21 23 23 22 23 23 21 23 23 22 23 23 21 23 23 22 23 23 21 23 23 22 23 23 21 23 23 22 23 23 21 23 23 22 23 23 21 23 23 22 23 23 21 23 23 22 23 23 21 23 23 22 23 23 21 23 23 22 23 23 21 23 23 22 23 23 21 23 23 22 23 23 21 23 23 22 23 23 21 23
23 22 23 23 21 23 23 22 23 23 21 23 23 22 23 23 21 23 23 22 23 23 21 23 23 22 23 23 21 23 23 22 23 23 21 23 23 22 23 23 21 23 23 22 23 23 21 23 23 22 23 23 21 23 23 22 23 23 21 23 23 22 23 23 21 23 23 22 23 23 21 23 23 22 23 23 21 23 23 22 23 23 21 23 23 22 23 23 21 23
23 22 23 23 21 23 23 22 23 23 21 23 23 22 23 23 21 23 23 22 23 23 21 23 23 22 23 23 21 23 23 22 23 23 21 23 23 22 23 23 21 23 23 22 23 23 21 23 23 22 23 23 21 23 23 22 23 23 21 23 23 22 23 23 21 23 23 22 23 23 21 23 23 22 23 23 21 23 23 22 23 23 21 23 23 22 23 23 21 23
23 22 23 23 21 23 23 22 23 23 21 23 23 22 23 23 21 23 23 22 23 23 21 23 23 22 23 23 21 23 23 22 23 23 21 23 23 22 23 23 21 23 23 22 23 23 21 23 23 22 23 23 21 23 23 22 23 23 21 23 23 22 23 23 21 23 23 22 23 23 21 23 23 22 23 23 21 23 23 22 23 23 21 23 23 22 23 23 21 23
23 22 23 23 21 23 23 22 23 23 21 23 23 22 23 23 21 23 23 22 23 23 21 23 23 22 23 23 21 23 23 22 23 23 21 23 23 22 23 23 21 23 23 22 23 23 21 23 23 22 23 23 21 23 23 22 23 23 21 23 23 22 23 23 21 23 23 22 23 23 21 23 23 22 23 23 21 23 23 22 23 23 21 23 23 22 23 23 21 23