90 37 90 80 93 80 93 37 1
71 37 71 46 89 46 89 37 2
71 47 71 57 89 57 89 47 2
71 58 71 80 89 80 89 58 2
76 81 76 90 89 90 89 81 2
76 91 76 94 86 94 86 91 1
76 95 76 100 80 100 80 95 1
60 81 60 100 75 100 75 81 1
48 81 48 93 59 93 59 81 1
48 94 48 100 59 100 59 94 2
44 81 44 100 47 100 47 81 3
44 101 44 138 48 138 48 101 3
49 101 49 110 79 110 79 101 3
49 111 49 138 79 138 79 111 4
80 125 80 138 95 138 95 125 5
80 101 80 124 95 124 95 101 7
84 97 84 100 95 100 95 97 5
87 93 87 96 95 96 95 93 5
96 91 96 127 119 127 119 91 4
120 109 120 127 122 127 122 109 4
123 112 123 127 125 127 125 112 4
126 117 126 127 140 127 140 117 5
126 109 126 116 140 116 140 109 6
120 93 120 108 140 108 140 93 6
120 88 120 92 145 92 145 88 7
124 81 124 87 145 87 145 81 7
131 66 131 80 145 80 145 66 6
115 72 115 80 130 80 131 72 0
115 37 115 71 130 71 130 37 6
94 37 94 80 114 80 114 37 1
